1.783133561628964803e-01 2.934021995096889462e-02
1.743700335670457791e-01 9.193008254484734409e-03
3.378340533664699885e-01 4.052417713573167046e-01
3.467350795973388466e-01 4.222313106796051208e-01
1.806216540616158994e-01 3.589267982421820435e-02
3.561883803632752143e-01 4.341002178626676700e-01
2.077727512105078944e-01 3.123796965113141699e-02
3.757352530908344979e-01 4.767474266937775096e-01
3.985735644600027494e-01 4.269033555395164159e-01
1.876892104254470894e-01 5.681829887411208452e-02
3.802150596305530206e-01 4.424279990285920894e-01
3.722632334323361381e-01 4.288769428503545478e-01
3.188064165143214557e-01 2.322533203818300251e-01
3.172201555911376425e-01 2.863526440160261144e-01
3.823450174294038550e-01 4.347304260477178883e-01
1.886411690017179288e-01 3.601495899533654205e-02
3.081287986403645762e-01 2.461978378204674744e-01
3.663872370610214979e-01 4.503103182401560489e-01
3.736682296347562104e-01 4.490403757010257291e-01
2.309720447934403842e-01 1.036183994157781896e-01
1.961725356487631355e-01 4.785570406715185937e-02
3.470754793632976343e-01 3.973995344541240704e-01
3.436642541882606317e-01 3.216025291387623608e-01
1.835441601064485007e-01 6.258964998225900744e-02
1.818829547877281183e-01 3.989900223389803574e-02
2.010309738944196234e-01 3.525659671097981090e-02
1.734889529737130565e-01 6.227583921914318227e-02
2.912783827124297842e-01 1.961503155479096538e-01
3.621270866445143177e-01 4.478102054421680411e-01
1.986142922481731743e-01 5.414782804963227253e-02
3.901968813034482064e-01 4.394746224352789055e-01
3.607219773669546603e-01 4.005801950246453136e-01
3.620939672471458204e-01 4.266555491475566009e-01
3.288130372181711780e-01 2.537104990110493619e-01
3.331017811286425268e-01 3.879163025168643197e-01
3.884075283792787769e-01 4.787359070963130292e-01
1.990479199402035160e-01 2.291447330893171472e-02
3.715548455877467626e-01 4.382115357378366105e-01
3.149036445743415569e-01 1.290046769665146031e-01
1.980941316906464633e-01 5.911973725555570019e-02
2.534460666804256856e-01 9.450581073890930439e-02
3.256401183588872872e-01 2.576351696676109637e-01
1.803018633490354738e-01 3.282136959805172227e-02
1.534208854709812886e-01 4.131220596001668188e-02
3.637189070413650582e-01 4.856671466748843646e-01
2.288859833092448948e-01 1.190931023550241691e-01
2.012402091085359057e-01 7.165200628222492818e-02
2.187599325233034186e-01 5.786536647874909040e-02
3.818447654304196748e-01 4.376843170003457129e-01
1.820937373490586764e-01 6.613334459055510151e-02
1.727810927729734602e-01 5.725489073332818563e-02
1.609941653967084940e-01 -1.187015900966004178e-02
2.175576179616102446e-01 5.624893924064098411e-02
1.982901832551868249e-01 7.245377151635487567e-02
3.733429464019078492e-01 4.115319457442205286e-01
1.745455702461717051e-01 3.348369807269244852e-02
1.862727639652247691e-01 -1.510119930464946282e-03
1.637365661175810561e-01 4.058418314291099838e-02
3.036367002831035777e-01 3.614937739668362404e-01
1.907649968385660144e-01 -5.031441023668958498e-04
3.588315859858379198e-01 4.592801836453934139e-01
3.807297516180879748e-01 4.369739351896577695e-01
2.695128638167758051e-01 1.957385118185923922e-01
2.084016957046837260e-01 8.688808136193400256e-02
3.558247008603575012e-01 3.439902248221586301e-01
3.848705601896596495e-01 3.124620482182869363e-01
2.049242319420941094e-01 1.066410587913837887e-01
2.887619356004537674e-01 1.561608564514310460e-01
3.683233911047355535e-01 3.755655069687885983e-01
3.438633770404849743e-01 3.732608770492020223e-01
2.010898869527650012e-01 6.454271388500509854e-02
1.953799952145678642e-01 4.684534298175701411e-02
3.766151644927192566e-01 3.874798060559861423e-01
3.603592651629786703e-01 4.049127032687523386e-01
2.456982788753922231e-01 1.002261106598925783e-01
3.373410132386490123e-01 3.887770415949415859e-01
1.996570790946648744e-01 1.185264588034979361e-01
3.410183625865000900e-01 3.706555074386961857e-01
2.158817172874429591e-01 3.292364599507312251e-02
3.561229867596658050e-01 3.183825520762060823e-01
3.443906600381415051e-01 3.975318879114171366e-01
3.741315358603422014e-01 4.380804545769276803e-01
2.281374228390561087e-01 5.296821709995713084e-02
1.889709052551991619e-01 6.747524287960632305e-02
3.953247568339327001e-01 4.690721598310425011e-01
3.964872139143533203e-01 4.459325606111774198e-01
2.046536447398619174e-01 3.448758410201358676e-02
2.174493884356771545e-01 5.524323238287986992e-02
2.478294647049389121e-01 1.090449760624799258e-01
3.470187909486127653e-01 4.249574595593068049e-01
3.422038369561757332e-01 3.872969508017549134e-01
1.563727825058345566e-01 1.623009058435776961e-02
3.412885904103198365e-01 3.775350579499172077e-01
1.805167008357214942e-01 5.958355654061233547e-02
3.439074410080734112e-01 3.972169377410227353e-01
3.609146897631153594e-01 3.952084082295546086e-01
3.631018460077116705e-01 4.328666254274299852e-01
1.852034776085227097e-01 4.117024371959911166e-02
4.001495352688320128e-01 3.406628446366952168e-01
2.968447349220558751e-01 2.008281506611916678e-01
3.661350166031676068e-01 4.304180732788875363e-01
3.562433275056812176e-01 4.448710830169365082e-01
2.501022549744381096e-01 1.486998952549325737e-01
3.630686972395256173e-01 4.334578272588017200e-01
2.188563871419117179e-01 7.710762749574494312e-02
3.760846838503354994e-01 4.344824216248565629e-01
2.291103464759037533e-01 5.171336556067967355e-02
2.520826737347814372e-01 1.210742312138709115e-01
3.338476657963156402e-01 3.149457725088898874e-01
2.891547515672995283e-01 1.681108359018096410e-01
3.686810509654524504e-01 3.720044297661092014e-01
3.324513113599520397e-01 3.636764044928868511e-01
3.185630285133003725e-01 2.674771770255992553e-01
1.835661881107129856e-01 2.888031591269506204e-02
3.736629568059837703e-01 4.581435106923465450e-01
3.755779823150707797e-01 4.593797520323633088e-01
3.557462335815040899e-01 4.071672110679148138e-01
2.345923918703933519e-01 6.166028113310042386e-02
3.643774915617968846e-01 4.367137457840152837e-01
2.330958368348347298e-01 8.563806383999440774e-02
3.597727893048959791e-01 3.932538624735734123e-01
3.000104093272389916e-01 2.270008031265943471e-01
2.286827868413618681e-01 1.211724121243187707e-01
3.877605716934495739e-01 4.631432338937899185e-01
4.144482571054760589e-01 4.205989425814949390e-01
3.828538486217853976e-01 4.176077937557119424e-01
1.951375434071898896e-01 4.105153458491626883e-02
2.395090473374774931e-01 8.797031088306624114e-02
2.620004614372586360e-01 1.478422771140219805e-01
2.254532570520359769e-01 1.043496375001424642e-01
1.625950738815100938e-01 2.588476562849593987e-02
2.059499118933184880e-01 1.213229337709943040e-01
3.624684513931288321e-01 4.163704562491623018e-01
1.881976129853902002e-01 2.064621880880915944e-02
3.630306207171164479e-01 4.268057189956214748e-01
1.804988314791810544e-01 2.754839868735609737e-02
1.751887378991841826e-01 2.399398424420827805e-02
3.506417859989954811e-01 4.017322495471283283e-01
1.857666744780053503e-01 7.434514579968699854e-02
1.818069849298032115e-01 4.423943936116738612e-02
3.649455849940533847e-01 3.851757484797388442e-01
3.352994687847078437e-01 3.110361928494395078e-01
2.440669306875875300e-01 8.561525515312559675e-02
3.612280581477366193e-01 4.262255825242010077e-01
2.348873905277052143e-01 1.114852991552933298e-01
2.625707677533143380e-01 1.516468608260015116e-01
1.826162841575012796e-01 3.047407886069299771e-02
3.952482371713564313e-01 4.408683163594482868e-01
3.648321511939305317e-01 4.256455345179959160e-01
1.929376585568581826e-01 2.649492052496607575e-02
2.324476727526272601e-01 4.853018122105919041e-02
3.160359745109244667e-01 1.831177928351631068e-01
2.021033233459174072e-01 6.461254160260068713e-02
3.793194725947703905e-01 4.746124925073418876e-01
1.697346095257609988e-01 3.289280662490360468e-02
3.485950949059755111e-01 4.254879059251013285e-01
1.670660276837087899e-01 5.335438890864458578e-02
3.495722937611732695e-01 4.410093498632561837e-01
4.149065165636514063e-01 4.284763800289974056e-01
2.316922806394254575e-01 5.950666480021338939e-02
2.703008864083786822e-01 1.278948960556128278e-01
1.884948388407965691e-01 1.076176499525182545e-02
4.111128789393168059e-01 4.068216013613436544e-01
1.763136818576802323e-01 2.573095605082330317e-02
2.031007909522814237e-01 2.600438781447885622e-02
3.170706841810642107e-01 3.839722833274487601e-01
3.184485752625787480e-01 3.948710207840622211e-01
1.956517487650651088e-01 9.385451189940306749e-02
3.453623035551254272e-01 4.459656457250761874e-01
1.938826896848015735e-01 3.392062563445490120e-02
3.436874120161874657e-01 2.878826387179382329e-01
1.859171003439026026e-01 3.203456933905082793e-02
3.030693106708796658e-01 2.142020712525620207e-01
3.069759942451543155e-01 2.281126838182538641e-01
2.508147465402071341e-01 1.349924268902235602e-01
2.817965090043247356e-01 2.356643716609340966e-01
1.939856677657192108e-01 8.248299178387201447e-02
2.312934998891753580e-01 1.396807893287747293e-01
2.114772128146092112e-01 4.658524298632503446e-02
2.506868535774099405e-01 1.373428463599353222e-01
3.695668826289392750e-01 4.021945079884037821e-01
2.026629508457005457e-01 8.197527998588012565e-02
3.438703470407971086e-01 4.297879410795586441e-01
3.565592439396700897e-01 3.915069655082517031e-01
3.755527527998731019e-01 4.387544542752350174e-01
3.262989434847520243e-01 3.907511570962311498e-01
1.705695755426092086e-01 5.825059224786936080e-02
1.962636681570371355e-01 5.295861595704943331e-02
3.914274626111276523e-01 3.844554861787051192e-01
1.833295368368230704e-01 4.711370357688974414e-02
3.525520066346681247e-01 4.251939633340022784e-01
3.654107868987653274e-01 4.353212025540937335e-01
2.262823131488234385e-01 1.347422934907297754e-01
3.636174869834176704e-01 4.156625621811355642e-01
3.329848168384454410e-01 2.777295003184241939e-01
3.734668015565687504e-01 4.275054857363356775e-01
2.547281538048302707e-01 1.254176484488200571e-01
2.210110505176697548e-01 3.985942497475229718e-02
3.702829445348623238e-01 2.935379027046758904e-01
1.465836857199554755e-01 6.800984566166471713e-03
2.323743725690456119e-01 5.135388894634015933e-02
3.375206832888161257e-01 3.815399497084642766e-01
3.485409995333296207e-01 4.300013058074835248e-01
2.217958039594693509e-01 6.101935414846087341e-02
2.233316031890511533e-01 7.814663264925417185e-02
2.964153263365273960e-01 2.594950686591734335e-01
1.492956626943238441e-01 2.522630746490600248e-02
3.327691108122455277e-01 3.643138997105872523e-01
3.305387361881256814e-01 3.919430160239050220e-01
2.939072720090636359e-01 1.869277625674309606e-01
2.279146419840122617e-01 1.136893331935275864e-01
2.093550655510221514e-01 8.178729074847074232e-02
3.602839431537232517e-01 4.373330584229054296e-01
1.591934910391758218e-01 2.959663751055237498e-03
2.164537179227190855e-01 7.063687367650597904e-02
2.202952141704781208e-01 5.660673383796192143e-02
3.666912438303653321e-01 4.078532574359926000e-01
3.767441615265825772e-01 3.887514248455485322e-01
1.506998991497028040e-01 1.241089670072107604e-02
3.456224885474470376e-01 3.337622055505380936e-01
1.888982907890942864e-01 1.434740845639883092e-02
2.227057090720056254e-01 2.926939316304767724e-02
2.087668469206123423e-01 5.173468286936925425e-02
3.082599952702418378e-01 2.632672108489986784e-01
3.602105535869855046e-01 4.529659733551723577e-01
1.923382154352577811e-01 9.244294906447440840e-02
2.072403952877456546e-01 8.134330864400110550e-02
1.834943208777578827e-01 2.561975265059945189e-02
3.934329320668255026e-01 4.455618668346116862e-01
3.462617418926487445e-01 4.158347944854324241e-01
2.467551171414662237e-01 1.157870381540550414e-01
3.794003412443396339e-01 4.442213580858895838e-01
1.916944908346700227e-01 3.526400289122320203e-02
1.919304720059799851e-01 4.947130192837718293e-02
3.049848406197879225e-01 2.029896391228910024e-01
2.057426939933365284e-01 5.291193917554975340e-02
3.705814960668407099e-01 4.129780037124899938e-01
3.361637966445014669e-01 2.823560828220521013e-01
3.587228507697212132e-01 4.108872158863701718e-01
3.141942280587179948e-01 1.833705425388957033e-01
3.790419566828912012e-01 4.519612721745948081e-01
3.637792157501306134e-01 4.150109408278085388e-01
3.457474949676366816e-01 4.437333707238940161e-01
1.799180889470707034e-01 1.065604352106342273e-01
2.002794146802953368e-01 7.783090346741027010e-02
1.683881247415460469e-01 -1.613769193540928390e-02
1.979120565961410561e-01 3.873429921105150248e-02
1.616463027818498266e-01 3.985771607297607100e-02
1.584284125732570436e-01 2.578257862619873220e-02
3.266001387249145571e-01 3.383361772170706550e-01
2.111541299839247154e-01 8.037260307001906079e-02
3.747311701753019419e-01 4.505129856401914323e-01
3.513064336779176955e-01 3.578065544612366033e-01
3.546920382658736992e-01 2.681082685231257479e-01
3.513132784913339801e-01 3.943793314818990203e-01
2.460396899869397858e-01 5.676584906811458359e-02
1.998986490102228342e-01 6.527493726008408437e-02
3.633081827194805657e-01 4.260108916226052478e-01
2.212356045671014237e-01 6.971705923888778245e-02
3.784521012512840898e-01 4.547149778463923098e-01
2.086981172676497520e-01 2.858149262086016884e-02
1.776146395900516650e-01 3.826021204122073693e-02
3.677114245673089865e-01 4.627427978402556819e-01
3.184745119103807864e-01 2.380702379252330469e-01
3.666004699948033907e-01 4.313288412386790394e-01
2.282722859415140249e-01 6.305103885411239562e-02
3.879838418301653213e-01 3.980259640255919273e-01
3.519366348325035920e-01 2.803639888174406791e-01
1.760640502780741190e-01 5.265318348778189744e-02
3.612069822761614368e-01 4.157318800233836820e-01
1.925288717840425712e-01 -1.654540178782362356e-02
3.673130230780907723e-01 4.559675005903230383e-01
3.601744781832347808e-01 4.240834092318177539e-01
2.023069892439878503e-01 6.323900100846309436e-02
1.729823590719321569e-01 3.542442514811493942e-02
3.846285976055855427e-01 3.563496763511741494e-01
2.891031665677670226e-01 2.337819818065984545e-01
3.070974103065431393e-01 1.851878530181140514e-01
3.495495845091790010e-01 2.799038778100138569e-01
3.724388068630235527e-01 4.290666250743790378e-01
3.637379221243324245e-01 4.272646463452000054e-01
3.464450822065721081e-01 3.969657034905036408e-01
2.338307813205757479e-01 7.935177920212535541e-02
1.838136066989455031e-01 1.690438927486844628e-02
1.747755772997464929e-01 4.817041349901144721e-03
1.443929937696991073e-01 -2.601999650215435986e-02
3.613746306412249920e-01 3.958817922695418434e-01
3.714669497877183257e-01 4.720222218619432031e-01
2.333365776535120395e-01 9.689522603101267950e-02
3.462538670538296004e-01 3.962811282160353943e-01
1.787426004624433629e-01 3.797054180335466406e-02
2.234437007765162631e-01 9.943818696375375521e-02
2.087699124389056637e-01 8.393460089884502429e-02
3.571747269197353969e-01 3.822094354641535907e-01
3.496246649799318318e-01 4.468685851433368272e-01
2.412472507932096610e-01 1.420657434614002179e-01
2.008827371329879041e-01 8.115104223382857418e-02
3.958366236309580621e-01 4.102078319822742292e-01
1.767037271044991364e-01 4.767651880996837815e-02
3.533908295786602483e-01 3.423588596095906156e-01
3.712127592700961154e-01 4.107070305940038746e-01
3.714827786394290787e-01 3.997433188909065849e-01
3.224824478605555766e-01 1.852600155490849443e-01
2.568979379463730006e-01 8.027199390942175994e-02
3.895701878795854167e-01 4.795558758517576292e-01
3.573802823357042358e-01 3.044075054442475503e-01
2.026112407509823854e-01 7.119366295360771146e-02
1.772047939005007844e-01 3.657728142697888075e-03
3.591898355696568901e-01 3.688633419958439741e-01
1.993264541817037216e-01 9.986736575256775772e-03
2.984966729439910704e-01 3.782679814948601282e-01
3.761735068053779218e-01 4.050694659524989860e-01
3.633286129787359764e-01 3.704774385390383062e-01
1.616028184809197299e-01 3.308313585450578520e-02
2.099784899249038383e-01 1.065696071424180047e-01
1.967874111309841079e-01 3.954318284429955005e-02
2.010233944263904726e-01 4.040237498210084294e-02
1.634989131178381239e-01 2.981877825745050253e-02
3.639374975488163799e-01 3.987136985995159977e-01
1.590382379251190359e-01 1.462769515433824143e-03
2.406896897115244904e-01 8.331600416089651739e-02
3.193984093541704095e-01 2.479453160298185910e-01
2.384112829246260168e-01 1.049361827146884085e-01
2.083753573429818762e-01 5.892467153146423858e-02
3.919676884427191199e-01 4.270674514093464880e-01
1.835319155251404211e-01 4.605330275599230777e-02
3.875119450686294043e-01 4.697680090878216252e-01
3.058619619687472646e-01 2.176339783987113752e-01
1.645386982981034973e-01 5.862696913613887201e-02
3.694605949136909873e-01 3.692152513026114025e-01
2.277625486630136808e-01 5.531504099270052877e-02
1.926115263402844724e-01 3.739788614406911599e-02
1.660306549567157897e-01 5.438162873507889489e-02
3.773222712147014102e-01 4.524415257618082387e-01
3.014431351485620247e-01 2.115443930230137826e-01
3.676071930697013546e-01 4.290735742189140667e-01
3.467571322411332480e-01 3.859386452632295739e-01
2.159155848571510383e-01 9.140568844145906258e-02
2.308134750932151202e-01 4.408623357018413152e-02
3.402222118374851334e-01 4.118180100375695152e-01
3.685911452805106236e-01 4.299113226487589201e-01
3.655473831798303763e-01 4.172961350548239357e-01
3.868844433154061679e-01 3.048653313387240660e-01
3.281238370190440179e-01 3.063007605146763068e-01
3.742774496406969242e-01 4.273552686138803458e-01
3.676481838389326073e-01 3.986950434128771481e-01
3.278981218251368346e-01 3.763484727550400755e-01
3.712144031574290959e-01 4.147235131672222241e-01
3.013074946640948992e-01 3.134436469528760205e-01
3.435978394788251622e-01 4.026294677707072389e-01
3.535980920009468842e-01 4.243970753624023984e-01
1.753276079841937507e-01 7.337465368280040624e-03
1.794955744367648653e-01 2.210563651761639908e-02
3.504584051938180456e-01 4.572070433546577273e-01
2.295852766898803521e-01 1.110861175171009435e-01
3.567369850035688739e-01 4.590702149589226400e-01
3.513701434445208882e-01 4.316567848555929454e-01
2.273245933158656584e-01 7.986966878827664318e-02
1.822374420407618933e-01 6.325947267843507957e-04
3.571920919437753805e-01 4.498452736711400779e-01
3.657155021048865695e-01 3.769161582132683486e-01
2.374839891941867565e-01 1.164210412337593481e-01
3.384721369552021741e-01 4.068743443154836381e-01
1.860114028730875391e-01 3.274178019028341907e-02
3.512145985699057227e-01 4.283507762819382392e-01
2.447896681094957338e-01 9.668897259945490041e-02
3.693385226775108832e-01 4.206027804715407048e-01
3.373934243552750845e-01 4.581488559487333911e-01
1.990146400300819574e-01 6.640293461829539778e-02
3.715104661413196618e-01 3.941878388268491573e-01
2.458791567937236022e-01 1.890016724862851050e-01
1.960135848021791749e-01 6.181283033110082474e-03
3.348024222594722099e-01 3.552490126668918502e-01
3.526747352551666825e-01 2.108664371500905965e-01
3.415397537645091797e-01 4.120691088149712744e-01
3.552349379499806781e-01 4.450830898745705144e-01
3.377128789694364142e-01 3.515270930546786077e-01
3.540242820502081944e-01 4.078124888597013942e-01
2.014190489765783909e-01 7.535867561413354954e-02
1.612754773770659900e-01 4.200827661925493617e-02
3.510208450199008290e-01 3.814856345289887596e-01
1.731442204562962106e-01 2.849656417482301224e-02
3.285414325353460119e-01 2.866358804556738415e-01
1.815894021705942440e-01 9.681722792638647324e-02
2.341052843882382717e-01 1.070975357584670745e-01
3.722420405306723912e-01 4.817000619100059722e-01
2.648652912615712673e-01 8.749476901636372983e-02
2.036899287068992537e-01 9.688011836066379168e-02
3.262881814052206453e-01 3.240873015593697115e-01
1.832308206607565215e-01 5.188121169434987967e-02
1.999264728153441195e-01 1.411223297115667824e-02
3.430126579559438227e-01 4.265890792997110159e-01
3.662757191402320478e-01 3.646678913660513222e-01
4.224474655493313247e-01 3.888888003284936556e-01
3.524349751696107536e-01 3.251392426242630806e-01
3.904510990115894753e-01 4.713742526020585077e-01
1.699032720553902698e-01 3.765608951423628399e-03
3.503582554907871960e-01 4.742031941436828379e-01
3.212687319287869103e-01 3.773561936471047096e-01
2.520887823450389531e-01 1.414057520033050741e-01
3.519526247517674733e-01 4.207806105649968820e-01
3.416958797403411019e-01 2.906753238756345503e-01
2.059700095761118621e-01 8.086491819164380590e-02
3.899659026640563964e-01 3.387964559299039835e-01
1.825364647882876390e-01 3.848555319596643626e-02
3.404413724867755286e-01 3.976058522593596267e-01
2.055390986115410157e-01 3.871924790000768474e-02
1.703430108530118170e-01 5.361667420303798531e-02
2.574739287365755969e-01 1.122698997729931064e-01
2.472684360603258080e-01 1.767151063444058201e-01
3.758093261784282157e-01 4.444599908519543119e-01
1.621717475593709989e-01 3.192445843273189476e-02
3.599426988689385376e-01 4.384984331725906848e-01
1.661829416556059591e-01 2.382529080057319351e-02
3.688664364867615397e-01 4.076532282058366596e-01
3.541844762080013087e-01 4.000323503420967763e-01
3.528670367034955069e-01 4.293759118685676612e-01
3.782564103266766731e-01 4.633487255641813296e-01
3.189308083989427778e-01 2.960354615418238633e-01
1.786591828437671670e-01 3.558307429200061739e-02
3.692313104398177170e-01 4.621424037145356323e-01
3.567305784958477721e-01 3.963771780626538788e-01
1.754230201994085303e-01 6.783364318441935381e-02
4.175435470379521563e-01 3.928864951570846253e-01
3.997491029118390715e-01 4.609329291731645850e-01
2.072988561594106549e-01 8.538897847660854856e-03
1.927460274598979395e-01 4.653923841563432223e-02
2.230874123013613097e-01 5.184295552192648426e-02
1.772471099618315449e-01 9.585069612086882795e-03
2.924569946841381052e-01 2.178071895528122803e-01
2.718566583084138788e-01 1.162784881865231851e-01
3.709599231717586321e-01 4.416532038148523465e-01
1.856469954594356930e-01 -1.176369977780545792e-04
3.146444654785710560e-01 2.155950366505673121e-01
3.109464984823900879e-01 3.640839631280159416e-01
3.577657446228029170e-01 4.679481486240608112e-01
3.654827158816335020e-01 4.240423603350081394e-01
3.756851300856191012e-01 4.428153740899051782e-01
3.472689565683561019e-01 3.724931268077299462e-01
3.785103887914954002e-01 3.494425349823234161e-01
1.752929157365571977e-01 4.092593288095119908e-02
3.582078187408455072e-01 4.183306841255845510e-01
1.769316302857979473e-01 3.673428993750502136e-02
3.852839436925336591e-01 4.377412208911311553e-01
3.532257741158926212e-01 3.845230103969770608e-01
3.523674202858518845e-01 3.463422286943857453e-01
3.429966754396289730e-01 4.288045852896223420e-01
3.327929827630602411e-01 2.355638997526122436e-01
2.964335921121287187e-01 1.947036561805645383e-01
3.291328625004628083e-01 2.518900416219011507e-01
3.418322215925347907e-01 3.140231217070594827e-01
2.350331646529296992e-01 1.436857178540114910e-01
1.873612111754719700e-01 5.304630102498877203e-02
3.270849222654252930e-01 2.692207003998105530e-01
3.728447731923950625e-01 4.369780639490588592e-01
3.432290137367042249e-01 4.168374412152325292e-01
3.403971497422614290e-01 4.168284023474970734e-01
3.141477351473710433e-01 3.765617710178610356e-01
1.903429145889606600e-01 8.511057191400777863e-04
2.685054998742713028e-01 1.256193354637571147e-01
3.098010894014875394e-01 2.447521576409835420e-01
3.738408924790018184e-01 3.933503882291027876e-01
3.775882838942125619e-01 4.468599584985754603e-01
2.298141846717675352e-01 1.210219676030234032e-01
3.360356760275583499e-01 3.769718383818833618e-01
1.889792521047493068e-01 3.125909163312941969e-02
3.474442796996771721e-01 3.583383495550146458e-01
1.809866522475598039e-01 5.485055724233141999e-02
3.380118121856714453e-01 3.935610158127134106e-01
2.030364898441601451e-01 8.893630384426096103e-02
2.090686225714350199e-01 1.927853816667659398e-02
1.932162784716833503e-01 6.507511310014098271e-02
2.402030284835453555e-01 8.005859945747882678e-02
3.629119629252613999e-01 4.248003026657165004e-01
3.815381617754204924e-01 3.105249014914657768e-01
1.979964426503302566e-01 6.414018012627806242e-02
3.301802811089247225e-01 4.151074783250215394e-01
3.605228756502549814e-01 3.494972495335640916e-01
4.179404134753144096e-01 4.183637493335355950e-01
2.081612007414137822e-01 8.891533137321602082e-03
3.405853000485742355e-01 4.224384123888982878e-01
3.791975613375895837e-01 4.116923377576488519e-01
1.712820277890460263e-01 5.659959487703226239e-02
2.211897109571105136e-01 1.632997698782877594e-01
3.463908186992872285e-01 3.926115961569477397e-01
3.354228255743496590e-01 3.983933541282542179e-01
2.956805220246582211e-01 2.620521345668496704e-01
3.543343276987738211e-01 3.947282872906262563e-01
3.308016492803222963e-01 2.699479003124078402e-01
3.687971108771658790e-01 4.432477509110421265e-01
3.662447121505269521e-01 3.975092907053904279e-01
1.873456867355935973e-01 2.226344319964684154e-02
1.806638948811548906e-01 6.125555001868723121e-02
2.561828518249177344e-01 1.112968387491633793e-01
3.599565318096174527e-01 3.641345414012384096e-01
2.232584233175344546e-01 5.513106026980209989e-02
3.778758190520293270e-01 3.781284148156903169e-01
3.362671325678103784e-01 3.813200967431233934e-01
2.105782397390829064e-01 3.221650877811654129e-02
2.167758396013437783e-01 5.301275302970104991e-02
3.064590798861247523e-01 2.893243309287510945e-01
3.741846665298920738e-01 2.939613747124598109e-01
3.639141054546433107e-01 4.400020446919020167e-01
3.660956045563121819e-01 3.560958788314590451e-01
3.730875801199253772e-01 4.360241933084056387e-01
2.013905268978161411e-01 3.437158529507313570e-02
2.913476821706003639e-01 1.687572868938140014e-01
2.074152424650623772e-01 1.051289516893830073e-01
2.733590641799570897e-01 1.871672687883520203e-01
2.077193477274362765e-01 6.132085290874491473e-02
3.533260068850287428e-01 4.127522749536870483e-01
2.478978570225838507e-01 9.933325585764710142e-02
3.583182697724981436e-01 4.709280672651601218e-01
3.677866319486853275e-01 4.080560769285699885e-01
3.340966171100653304e-01 4.461728056231085704e-01
3.401040004767230673e-01 3.770856436347513330e-01
3.567023819682417773e-01 4.167024106633894220e-01
3.390826970573012078e-01 3.966224120102226913e-01
3.012317406167653311e-01 1.738088578044693633e-01
3.803095528114022184e-01 4.676830839980681831e-01
1.702542787413911796e-01 2.950840172307176573e-02
4.005129121610386811e-01 4.357929058079599294e-01
2.190430350870257725e-01 4.832197873937907166e-03
2.057270981283600142e-01 4.239450385628532741e-02
1.748646910016217471e-01 4.659874291473788815e-02
3.654182938297967365e-01 4.094318668812376161e-01
2.440348604227292328e-01 1.022873325987098819e-01
3.694426969681615658e-01 4.442193261445638863e-01
3.553338766171807439e-01 4.477749001693455688e-01
1.818305413939035609e-01 8.532235678683205982e-02
3.814429968871858589e-01 4.667810641907164659e-01
3.426387322607091224e-01 3.771705014508824894e-01
1.880764190833380811e-01 4.969034476396611173e-03
1.557430858456303191e-01 1.970813265786585874e-02
3.529232149042363931e-01 4.294747771984719353e-01
3.884711319098770321e-01 4.383167142683179751e-01
3.539445899407869245e-01 4.290095292281565498e-01
1.925795064235046317e-01 7.465435495347499950e-02
2.946348602114847171e-01 2.142369540320984977e-01
3.545455777613519821e-01 4.445389109704040442e-01
3.114949433404906598e-01 2.130104580118438728e-01
3.642369109043843145e-01 4.680240151324379094e-01
3.753788086386272149e-01 3.885224734392139223e-01
1.721375269521023543e-01 3.450455660143747494e-02
1.455011436450127926e-01 3.219010215404877889e-02
3.475436485436789735e-01 3.635214182727985466e-01
3.857609516371467429e-01 4.826028513611523851e-01
3.482243084457373183e-01 4.325832160315997155e-01
3.299411504277476315e-01 3.872278997098438924e-01
2.175737634164415790e-01 8.790021078149531930e-02
1.982339896983928706e-01 1.783343493239537142e-02
1.507026390931732740e-01 1.100788823944564079e-02
2.466989389128551313e-01 7.157497361667192193e-02
3.556567160420029960e-01 4.676937161582716551e-01
4.037822590791476651e-01 4.139044331873665272e-01
3.437402660165251866e-01 2.504009872010906634e-01
1.786067637257564289e-01 3.109825333929616686e-02
2.566805163749670826e-01 1.555893132296466141e-01
1.668459380083738008e-01 3.178272423125685225e-02
2.475098675664772763e-01 1.584216356341588139e-01
2.715442120594381836e-01 1.770073461024277983e-01
3.816355959122689212e-01 4.181750841792473694e-01
1.263406409663886953e-01 -1.795272856600799855e-02
1.764780309429128946e-01 5.675389111370175016e-02
1.757840245179418670e-01 4.218717200503588338e-02
1.707016180664332750e-01 4.873240667786337549e-02
1.783544318281356234e-01 1.271997132535219316e-02
1.713106542359574547e-01 9.293288844474053428e-03
3.515444723441771835e-01 3.985127559319283086e-01
3.599397352564965291e-01 3.596886439024447601e-01
3.322559793379910031e-01 3.373554336855245084e-01
3.551228575010533239e-01 4.714214132897607823e-01
2.093393208404698280e-01 5.063513537720720770e-02
3.682411382293412916e-01 3.941795918091821616e-01
2.155258685768857985e-01 9.559363720131536235e-02
1.899907258406290378e-01 -2.878968339421341706e-03
1.627467653653818236e-01 -2.515449096191599634e-02
3.300950140702048619e-01 3.139255770103754895e-01
3.477803029386010714e-01 4.374931937016932060e-01
3.682465237743957620e-01 4.353537815787631993e-01
2.063893073419946489e-01 8.163107496002516839e-02
3.340590282233317776e-01 3.800373501503522267e-01
2.547463870346183823e-01 6.868112989655510148e-02
2.849476402140842524e-01 2.064972214171100773e-01
3.684616272605842902e-01 4.568438861759610004e-01
1.798948362460741357e-01 5.415366313827562478e-02
2.508783847745065243e-01 1.087552983420865121e-01
2.012689993691630375e-01 4.681936439357596569e-02
2.578141015619264120e-01 1.458512480180493565e-01
3.048090142541611813e-01 1.840436462731943612e-01
3.976480065626268878e-01 3.649987757941840494e-01
3.221958384651772977e-01 3.569749841973430815e-01
3.646908101857203599e-01 3.918886442656447922e-01
1.586323171760038730e-01 2.989387643467130568e-02
3.509310595414523171e-01 4.303495329240068501e-01
3.232457198053994007e-01 3.823916494370038222e-01
2.835529322608654201e-01 2.119973916878533371e-01
3.249154746592305965e-01 4.135409957176454099e-01
1.809642251421843262e-01 5.975939526995770884e-02
2.035950627652031719e-01 5.871118418446857196e-02
3.621671027915975838e-01 4.209459273038557714e-01
2.510667524117812244e-01 4.336682105387892894e-02
2.036057110738540843e-01 8.213133174763499744e-02
3.577600848383341581e-01 4.023719497964620140e-01
3.663754335031016440e-01 4.103052506608566019e-01
2.497236481877291026e-01 1.254276887125808648e-01
1.607017515481214132e-01 2.778969925607719521e-02
4.152656744977831771e-01 4.000095609801995189e-01
2.884543600981928080e-01 1.163388231081691898e-01
1.764412585430591707e-01 6.107336955072997092e-02
2.531752960459707769e-01 1.300813245372605953e-01
3.590395481190042926e-01 4.698088484326211067e-01
3.300609738794745285e-01 3.550356399425199094e-01
2.218478970932347971e-01 1.137016147212310119e-01
1.909574307533415116e-01 5.894759284515802694e-02
2.002275470370183941e-01 8.148283581112071572e-02
3.558482535424686288e-01 3.797508551833945201e-01
2.035353274411201008e-01 1.797606999555117352e-02
3.837625291063500033e-01 4.223155200823209277e-01
3.643763838209329586e-01 4.060876506758618887e-01
3.616707476739365879e-01 4.592278918889027284e-01
3.835218561398800463e-01 4.393125843445966350e-01
3.919094617405911030e-01 4.456742010163878831e-01
1.866816584022869818e-01 2.706874732268422373e-02
1.339727748285269582e-01 -2.758311723210191656e-03
2.069577565053851431e-01 6.274437899189196088e-02
2.786533002972362283e-01 2.076896397523897986e-01
1.790598141680508626e-01 6.971315690015372768e-02
1.791140679976193362e-01 1.019488936464670176e-01
3.113724569848593804e-01 3.797621598638300511e-01
3.738111356240665373e-01 3.348362976885044251e-01
1.915661371085188025e-01 5.363935193681679259e-02
3.558437912722364205e-01 2.705770027511923415e-01
3.794433507636395531e-01 4.485835916551725311e-01
3.285095064582228552e-01 3.040573792124958707e-01
1.946568557776517661e-01 2.019771430285498617e-02
2.179143314410518506e-01 7.487476405679821534e-02
1.681171555535196649e-01 6.366889789710275527e-02
1.833129313815985428e-01 4.011881165556634155e-02
1.487671662956835117e-01 1.021466006919023034e-02
3.445231384455575974e-01 3.981918083707968736e-01
1.867598461737231264e-01 1.764082165553346182e-02
3.485524433827215662e-01 3.895935727373600055e-01
1.806934334536021702e-01 2.822965704972648510e-02
2.239254851104667543e-01 9.450061831535232215e-02
3.581616090579698430e-01 3.476622762603332473e-01
3.441924641651982197e-01 4.282231289853770106e-01
2.114929080664303684e-01 5.457217512426233014e-02
3.661153293136149567e-01 3.852929979412769712e-01
3.715069503601168277e-01 4.144708758830510376e-01
3.628052031453131154e-01 4.542114573208063111e-01
3.639107934468520100e-01 3.755861236604389197e-01
3.221656815402266227e-01 2.237053119385144229e-01
3.132837143224918575e-01 2.728084811985756475e-01
3.573082805788100336e-01 4.780909296706307710e-01
1.961630999498930883e-01 4.797121354102844293e-02
2.362506205988606778e-01 9.138935405734262274e-02
2.087936367674615157e-01 9.186728106791093584e-02
2.971132060689917198e-01 2.757379638703149616e-01
3.315866036342582923e-01 2.906297973646608801e-01
1.725899373005463366e-01 1.942561585791938855e-02
3.567276110788820676e-01 4.134167090337488859e-01
3.694334062577480093e-01 3.380695482141904407e-01
3.923049556469516697e-01 3.338660421134025946e-01
2.133202892895668112e-01 8.331440524131178416e-02
3.706098357822028566e-01 4.381104767407312806e-01
2.605806186700950766e-01 1.338566368048654254e-01
3.415339109700891163e-01 3.383120496220614615e-01
1.245929975938150774e-01 9.669075709263553337e-03
3.724405863653474924e-01 3.954115079842230318e-01
1.797114740005244793e-01 5.057086591905823186e-02
3.619844547636418275e-01 4.457685206482083773e-01
3.476334292061801223e-01 3.976992816467412872e-01
3.458446086137465514e-01 3.713654228875988283e-01
1.929129869622272231e-01 5.088226686708019475e-02
3.815332555720267749e-01 4.366572116151989369e-01
1.898609711327285121e-01 -4.560930080994739060e-03
1.846735450525538724e-01 1.951911258138228078e-02
3.090766063660187468e-01 3.409688471051066649e-01
1.837487113892190271e-01 -7.239691939151444468e-03
3.119855002822938261e-01 3.750813198370329116e-01
3.760025806655053482e-01 4.439808377489818381e-01
3.158853318029825052e-01 3.298953131449062770e-01
2.150463552887395269e-01 8.414477790425083092e-02
3.046800732326304662e-01 2.212580547499532480e-01
3.617805376331579836e-01 4.271911457999779671e-01
1.900935022929179652e-01 7.144069587963598755e-02
2.693112710052037451e-01 1.153130739539236088e-01
2.221787916835111509e-01 5.944894076443495851e-02
3.942004731613907298e-01 4.587969856042389272e-01
1.664130025710239547e-01 2.844445676664666967e-02
2.577876157286033143e-01 8.603632965171063851e-02
2.034228458354118418e-01 4.995160371625785578e-02
1.959898563317877540e-01 4.940180662307208648e-02
2.588816366402371671e-01 1.317854976792069421e-01
3.675193523326483191e-01 4.260349860254746823e-01
3.273317127469416166e-01 4.311731533758146884e-01
1.800248688332270197e-01 4.001197083816142308e-02
3.539309595568687627e-01 3.978462800902028973e-01
3.555059239503903790e-01 3.882276429474815771e-01
3.595723837651614296e-01 4.512315935764596442e-01
2.680361468353908427e-01 1.225233287483302042e-01
2.894398685624859913e-01 1.903394340324301715e-01
2.415588930820425917e-01 1.247872825394298474e-01
3.372976334634211204e-01 3.694018132048330627e-01
1.726164429227763086e-01 6.628331704513690768e-03
3.258080444004317622e-01 3.689157367868032278e-01
3.459670627994372860e-01 4.044899853773359921e-01
2.810565010269777675e-01 1.691084591080113386e-01
2.687085492649702312e-01 9.488174753960169905e-02
2.751542587452863176e-01 9.802352972447948842e-02
2.046715297894500241e-01 1.988109968636218861e-02
3.768948960148034155e-01 4.132368008627895217e-01
3.604809059830031970e-01 4.259449444177654809e-01
3.658908211189701998e-01 3.802630273450198772e-01
1.837912883964204214e-01 7.038206700156664219e-02
3.533487038227753896e-01 4.394062198690596999e-01
2.055841435558782293e-01 1.085830790392422612e-01
2.435961005216301378e-01 1.045031433869491183e-01
3.787599573678427922e-01 4.687434868143368072e-01
3.221919126529054767e-01 3.647108619244177619e-01
1.625929709466152617e-01 1.217810279451435329e-02
3.750361523531313135e-01 4.479550595742355923e-01
3.604234885799687538e-01 4.476464081906005865e-01
3.643732470024183545e-01 4.369209779134472504e-01
3.194851795330233557e-01 3.644189735133226971e-01
3.345381570689263118e-01 4.266016709916550242e-01
1.486110617408726575e-01 4.695231580429642254e-02
1.926425638265303053e-01 5.796828286327902063e-02
1.912197403877355928e-01 5.544659153677822944e-02
3.661852506695756904e-01 4.798945153845874390e-01
2.736854514497641944e-01 2.014215532126338581e-01
3.429742015205231587e-01 2.641882032550532111e-01
3.721320825911846875e-01 4.226290928560993421e-01
2.945206437492963181e-01 1.545807204584470629e-01
3.458912972373309191e-01 3.648962365875171865e-01
1.564284457580502885e-01 2.800262594736074862e-02
3.274273042039350656e-01 3.106043710639578848e-01
1.930075849392807463e-01 9.964838658118264914e-02
2.185352675528192401e-01 6.913574474020164895e-02
1.846732259616913063e-01 2.894268787712205721e-02
3.270612857245358551e-01 3.594307264295265036e-01
2.486430741954293866e-01 1.324130167570420069e-01
1.781362391864749761e-01 3.153001354059618150e-02
3.372972392528332808e-01 4.079363910757969336e-01
2.073999977910900017e-01 2.479911468929451787e-02
3.580004258581973575e-01 4.515776400857091644e-01
2.181179676618033025e-01 8.029505993731773927e-02
3.772923539939255777e-01 4.238174847311803606e-01
1.705867037448764167e-01 1.129802438072362650e-02
3.566468140538922027e-01 4.247197071839740601e-01
1.960775148989376826e-01 3.762669141595893774e-02
2.621309365039010131e-01 1.082463300954176755e-01
1.833229720400786078e-01 8.226249357172320947e-03
1.867040331924983143e-01 6.344055514041378740e-02
3.849757766869630338e-01 4.184609892284652521e-01
1.597408148876348355e-01 7.136737486926268172e-03
3.313058719404073926e-01 2.161104420122024472e-01
3.456907571707308335e-01 3.481301287269749634e-01
3.353493215241347691e-01 2.465308563950242282e-01
3.729138492844573105e-01 4.443374276317643701e-01
1.530046505868040418e-01 2.778397034605811083e-02
2.299842935958007484e-01 6.868863946467769488e-02
3.333664575110575345e-01 3.669658914917636738e-01
2.195097668683896053e-01 7.301191217278404921e-02
3.464701122746409734e-01 3.933071867645216435e-01
2.052367299470796713e-01 6.188901381274671681e-02
1.909748220372504968e-01 4.800457966626447970e-02
3.535157847667990683e-01 4.631413705572422490e-01
3.504654915677307692e-01 4.633437957695680232e-01
2.302522880958175755e-01 8.126614571583624935e-02
2.901808366107689885e-01 2.141740597309348126e-01
3.407158450722180820e-01 3.485068791701295687e-01
2.289855859306244856e-01 1.152882324508339579e-01
1.803453980590059846e-01 3.366636065144030382e-02
1.800487470791660993e-01 3.215101784412607161e-02
2.149115815280805142e-01 3.291785343137781233e-02
2.347338545908862206e-01 9.973263226975787044e-02
3.226240346718753926e-01 3.588824737641094775e-01
4.030386239140553717e-01 4.549685365696047312e-01
2.532984596507338870e-01 7.508961348226650401e-02
3.592840419492673854e-01 4.240446390962100964e-01
2.736947267647091842e-01 2.028052368332845523e-01
1.749050905438231662e-01 2.765106436598489120e-02
1.948597755960643219e-01 1.928615061970171199e-02
3.620042577290329966e-01 4.214109853567216124e-01
1.986037535458191339e-01 1.690624319978956819e-02
2.597930502211615034e-01 1.312567153873980541e-01
3.373788280150171182e-01 3.670577938141668106e-01
1.598672366473788686e-01 1.852778263790077345e-02
2.276241709624147458e-01 1.104998588102094753e-01
2.348887348862897795e-01 1.355145230748865670e-01
3.543073901979927331e-01 4.505757121547140920e-01
3.089663460454820099e-01 2.145415783472214843e-01
3.499164372232254072e-01 3.724930119286639640e-01
2.795073484771378736e-01 1.419670221407278166e-01
3.409174850832777381e-01 4.139069814446766915e-01
2.005915322948285395e-01 4.260541448461933195e-02
2.968748818565951075e-01 2.205579847139245986e-01
3.758298093610258350e-01 4.713775530837816530e-01
3.263697325657687331e-01 4.161355673931597110e-01
1.693132365467185652e-01 3.028359955941357234e-02
3.628261025178884935e-01 3.866272449577858317e-01
1.566782655190342155e-01 -1.835332940259101070e-02
2.303735957931379030e-01 1.263881235652489776e-01
2.269259907714863411e-01 3.514974183577247030e-02
3.633500653535073344e-01 3.959308443437821179e-01
3.365369315616952850e-01 2.752715867138748052e-01
3.577088933104697333e-01 4.402739187836640644e-01
3.618379116963695852e-01 4.446917450136465000e-01
3.321716473516537205e-01 3.292451296175283315e-01
2.153061741140596397e-01 1.131778465551625951e-01
2.782033799810740282e-01 1.673425854842682525e-01
2.078874284347658474e-01 3.543747528406499675e-02
1.601866236013060329e-01 4.492884816921052793e-02
2.564609957084110214e-01 5.110810968298598600e-02
2.352016191155964220e-01 7.497373344983902788e-02
3.684081974871661336e-01 3.698618244500929131e-01
2.358625503946133184e-01 6.427093778412332203e-02
3.629511524412977197e-01 4.002860107785700117e-01
3.554370911797262167e-01 3.794314564295713232e-01
3.645380310788075562e-01 3.657454318851973696e-01
2.245391110269414070e-01 7.805501119583665992e-02
3.786633886290131645e-01 4.162166485258379511e-01
1.966292341648454844e-01 4.481400464038260041e-03
1.648198829785071096e-01 1.130458169519072374e-03
1.664456548609080933e-01 -1.045440336997388239e-02
1.992543875697927735e-01 8.308535567837607716e-02
1.939922119297120273e-01 1.684582541686843390e-02
3.710506409648816617e-01 3.919713663501803169e-01
1.932432246843171775e-01 7.492321417960853824e-02
3.832702762423210174e-01 4.354303188133633040e-01
3.726600279126278670e-01 4.358670815398087428e-01
3.719431800815671263e-01 4.355600423182992009e-01
3.396740660448720472e-01 4.375401991552222980e-01
1.465691793865595838e-01 1.300936921616208108e-02
2.429345430908199377e-01 9.407462113251148506e-02
2.119440447415782691e-01 5.288127190399035532e-02
3.670119578638503244e-01 4.243245235210097444e-01
2.074988585322673496e-01 7.934904954999247306e-02
2.180472494518428672e-01 5.352402037442648836e-02
3.430565460145436063e-01 3.768757899431703917e-01
2.006951012279744317e-01 6.077042181927690828e-02
3.917984451969292459e-01 3.759601124658148996e-01
2.464329178681190780e-01 1.153969202605193700e-01
2.053923895617304762e-01 8.457296088582338944e-02
1.943362234768714891e-01 6.880701803083157098e-02
3.202532218064393921e-01 3.153340694160797208e-01
3.856911732605095566e-01 4.325216415478012055e-01
2.042680491255306763e-01 3.412827544913168976e-02
2.913663923813347711e-01 1.706557259019376993e-01
3.556695773303512054e-01 4.296232816879769767e-01
3.562253581155168658e-01 4.072928027819952557e-01
4.033927009253407414e-01 4.129659333060909931e-01
1.516347841408447750e-01 1.983742155225243220e-02
3.511415354781263209e-01 4.436841161782920095e-01
3.491198501910444674e-01 3.813508997123527533e-01
3.374344380896029394e-01 2.608139674073791658e-01
3.468983082351702052e-01 3.678993247169506375e-01
3.580999809545880597e-01 4.331750913916312395e-01
3.543989147287774921e-01 3.712132304118140325e-01
3.829135934488800963e-01 4.566988697236208927e-01
1.919750097920286669e-01 2.305522181048649810e-02
1.771084761213483627e-01 -9.942813509967165717e-04
2.081616876739777744e-01 4.580836187399642961e-02
3.610940809387606087e-01 4.447912330291945437e-01
3.358806206570088548e-01 4.329557442461078876e-01
2.680823259565532357e-01 1.630461658899493294e-01
3.377229724647369258e-01 4.280958743984270010e-01
3.726769649718615351e-01 4.357559462219164348e-01
3.338872008864416929e-01 4.261512378224142084e-01
2.213269016554458013e-01 6.367474135135323121e-02
1.848177027673932604e-01 5.736930726565960675e-02
3.704813901937595855e-01 3.688693971074480382e-01
3.852116850940267012e-01 4.218008303789774205e-01
2.117745821948310014e-01 6.198158070268151160e-02
1.899226552125591883e-01 7.216612515971974895e-02
2.019055390453868004e-01 2.461088399186158598e-02
2.382690570758012050e-01 5.360616581503555717e-02
3.615119900507957063e-01 3.798891727620460901e-01
3.475843534459975848e-01 4.329289639933633360e-01
1.576174219103819441e-01 1.643700069724077575e-02
3.572225254976759690e-01 4.151488265288621471e-01
3.014418152975041898e-01 3.221886903016947246e-01
1.629348391837315280e-01 3.705534536232556186e-02
2.114204999412807318e-01 1.000005833758716989e-01
3.595159079838571303e-01 4.244620260858051330e-01
1.575438180055978021e-01 -1.458008830382734669e-02
1.768529108880488032e-01 2.644559860328236922e-02
1.841337430143188680e-01 3.239996139480244564e-02
2.106586962122482809e-01 6.922817870114651717e-02
2.037509870999495432e-01 3.670006023792875272e-02
3.789803705040465376e-01 4.321283370603123397e-01
1.978671886118759937e-01 1.095468427651523080e-01
3.548402951023329477e-01 3.808504628581022566e-01
2.698721472793144116e-01 1.175902513470582500e-01
2.278655430535201087e-01 6.956942798533784222e-02
3.551735824738971870e-01 3.522692970127546674e-01
2.881295437014471661e-01 1.428641649223656440e-01
1.894748312008456004e-01 3.452630179178474423e-02
3.764641448031241788e-01 4.226555842911078331e-01
3.520980458128372681e-01 4.366614278144597128e-01
3.436453941624675323e-01 3.171468936680306161e-01
2.187344494958129437e-01 5.301524902841498604e-02
2.361058685076334873e-01 9.216224069674661123e-02
3.100106929399337741e-01 2.942581717243437089e-01
2.785903342585158149e-01 2.021493541302729902e-01
2.688987413700495432e-01 1.760533791113760571e-01
3.535574097928912973e-01 3.071037162250898067e-01
3.821011389279443393e-01 4.269983295611689544e-01
2.250602975228874481e-01 5.574614288801786610e-02
2.323602841054585866e-01 1.002147086264330716e-01
4.004604472265823611e-01 4.496741048318979028e-01
1.739992771824879492e-01 6.428796472423253805e-02
3.652099014658273801e-01 4.274829176707674594e-01
3.644042917640664125e-01 4.522178339435697914e-01
2.234445843131775411e-01 4.764262600935554454e-02
2.120855210233755506e-01 4.225213156376128598e-02
3.491039131128895745e-01 2.784517908187952862e-01
3.796524986176676997e-01 4.146919913262432922e-01
1.723275710199377864e-01 4.942124096092282565e-02
3.565034299924899619e-01 2.285427976269438777e-01
3.518974086492951958e-01 4.171615882918424112e-01
1.813229879522844368e-01 8.183820842791673933e-02
3.215408430785621219e-01 2.570663551848206274e-01
2.383225704119434074e-01 7.926056926645519418e-02
1.697245468043849237e-01 6.347447966248104256e-02
2.106571372422284261e-01 1.171557538117600633e-01
2.897640543252445466e-01 2.040162768426387052e-01
1.928426465369695031e-01 4.498836542051039278e-02
2.170002265443738976e-01 8.554326534509068547e-02
1.492504888475272018e-01 2.259973160897158634e-02
4.089243676980737763e-01 4.216099014153232849e-01
1.914935356915008213e-01 8.946576922445668989e-02
3.791980168064799095e-01 3.464416920866751348e-01
1.799398454339328490e-01 3.166693767755120875e-02
1.655073825662805309e-01 1.824825424682733829e-02
3.653537914111248952e-01 3.332420555726134381e-01
3.354906579691315782e-01 3.913156052846748501e-01
2.654133533478479912e-01 1.673227975431061110e-01
3.819838633116515170e-01 4.673780219192085750e-01
3.403568663322072974e-01 4.063295291192493552e-01
3.743495811609282020e-01 3.576081011004008658e-01
1.790114543795838786e-01 3.731996734279745959e-02
3.541994008037758213e-01 3.929657298934720600e-01
3.295589043908924154e-01 3.350512323036793916e-01
2.651073315334664393e-01 7.615005456801984818e-02
2.254853996475847666e-01 9.878231840651403861e-02
2.125468142399844218e-01 9.015110307348679630e-02
2.752658792527041820e-01 1.381022347070316736e-01
3.644595286414347157e-01 4.568306251648298066e-01
2.829515256615583452e-01 9.822100407124743915e-02
1.861368741095994206e-01 1.890276346827546305e-02
3.754030781473881584e-01 4.526240105569254157e-01
3.517621517092942574e-01 3.558662321926804317e-01
3.847475759207457657e-01 4.166091271464024692e-01
3.544763424878726865e-01 3.712024289769857988e-01
3.358036827284569537e-01 3.735302601475514739e-01
3.473247915132752217e-01 2.945293341142038446e-01
3.807547696850280827e-01 3.895664397139709800e-01
2.336038021043859714e-01 1.331904273916470482e-01
3.241730757346659164e-01 3.899061944207950492e-01
1.666699664820422144e-01 1.582710414780510999e-02
1.903634737938663668e-01 5.613010948221855423e-02
2.426281744148019170e-01 1.099093126911288992e-01
1.556933860999830943e-01 4.594959651974218559e-04
1.970785314925637133e-01 4.389007592344098402e-02
3.438116292754904713e-01 4.176877079828042461e-01
1.784071272667508146e-01 3.775176762992835805e-02
1.949866036086201071e-01 2.850571146934523237e-02
3.668431805378675747e-01 4.183082155679695435e-01
2.447428172665808976e-01 1.194582364775776812e-01
3.662523594197653054e-01 3.822353712427126182e-01
2.036350203205855025e-01 3.675033661731338247e-02
2.192418776034654460e-01 2.411952928252364750e-02
1.370137409815223861e-01 -2.336833114951183607e-02
3.178673139400191028e-01 2.864217487705241205e-01
2.728827507576842559e-01 1.155410724498557723e-01
2.301049284970938524e-01 6.749833217671322161e-02
3.601220504994265270e-01 3.743134349263768090e-01
1.869145458882759681e-01 1.083295511834339933e-02
1.986608227867422138e-01 4.093071559639552270e-02
3.556815805872588498e-01 3.640341534421998593e-01
3.846975348130651229e-01 4.736658457443195247e-01
3.155071480421608454e-01 2.276785320582103977e-01
1.916703023929998140e-01 6.649267183577910190e-02
1.530119774988612791e-01 -7.992284474443228301e-04
3.421746590668424126e-01 4.182931529331566645e-01
3.377985561866176933e-01 4.065082297335028683e-01
1.765304684140104607e-01 5.913170116273986678e-03
3.669837704760354757e-01 4.317482679406508539e-01
2.076355113285365539e-01 7.488688314590370709e-02
3.470869377401415434e-01 1.683323237703047148e-01
2.228805080523265092e-01 5.792082334720442122e-02
2.022390063753711498e-01 9.770408746422711010e-02
3.461354780179785595e-01 3.980197815210912426e-01
1.913264189168895901e-01 4.928369613741000882e-02
3.656996136096427596e-01 4.274358342784096432e-01
2.224264434063805418e-01 4.314028029301109762e-02
3.621256727528469055e-01 4.317598711426670621e-01
1.643411097904616536e-01 4.140225362713921380e-03
1.868821346360302060e-01 6.682415123824810010e-02
2.072498946026293809e-01 2.390075513956491093e-02
1.849781743042769044e-01 7.221514257354334776e-02
3.642171159227828858e-01 3.103934391887047117e-01
3.585750737677271260e-01 4.105990432110989130e-01
3.393931842572707192e-01 3.511102820323677154e-01
1.434372504532625270e-01 -1.052171816194966483e-02
1.744710357276705037e-01 3.336991888863245249e-03
3.345257602580457568e-01 3.759727451538593113e-01
3.679774423353268653e-01 4.516254582976212406e-01
2.381035805003960115e-01 6.606142216660695898e-02
3.647788847339019647e-01 4.345554337772343234e-01
2.449457418110834450e-01 8.740869697543839079e-02
3.688256725260790070e-01 3.939866089027447837e-01
3.446798663579265787e-01 3.543967093286298220e-01
3.666872697399550796e-01 3.688679522268874522e-01
1.514373432408787912e-01 3.976015254538535493e-02
2.042766174761669606e-01 3.708827950205319246e-02
1.722828266925079677e-01 2.305501221043514473e-02
3.579910350972925204e-01 3.671460160125389893e-01
3.484077014323655463e-01 3.655210284269722054e-01
3.449834338967635583e-01 3.947904345493951084e-01
2.142962143385956642e-01 6.632562277696407715e-02
3.174425296691725240e-01 2.400797059465170913e-01
3.465606655424831040e-01 3.869975624249635260e-01
3.471545642038561530e-01 3.863153870791816158e-01
3.778478255178100431e-01 4.419777228376635114e-01
3.704796069602757091e-01 4.530447663346566234e-01
3.649091464747776237e-01 4.564093744498740057e-01
3.655802936743483000e-01 4.184969032524947230e-01
3.351829502073713218e-01 3.749013574174976937e-01
2.122168778913035847e-01 4.610328503084837326e-02
3.940987162166833535e-01 4.514515597040422157e-01
3.372484608219470381e-01 2.365544157415952753e-01
2.386085925779724837e-01 1.176958547715589581e-01
3.101739645078173679e-01 2.279227996959320712e-01
3.472185452737728273e-01 4.327408976116729478e-01
2.183197669291432053e-01 5.949496262162937837e-02
2.429563830131295787e-01 8.890229722670564549e-02
2.061116986298524856e-01 3.812092867483064806e-02
2.150739371247133713e-01 9.991833404916618255e-02
3.570932619302067401e-01 4.516606750505978707e-01
3.603923750143501192e-01 4.061038420648457881e-01
3.915904154526801406e-01 4.559928592099177780e-01
1.955510821594087234e-01 1.113936651135039452e-01
3.886670108418299185e-01 4.426730704464314492e-01
2.052772810162893646e-01 1.034013232598270937e-01
3.532990499533339435e-01 4.250500656297240831e-01
1.616921624198849050e-01 4.808534854470074976e-02
1.523094819895889074e-01 3.174976276181798278e-03
3.786326546609414256e-01 3.905503181762726150e-01
2.171960750022038644e-01 9.342693302192120464e-02
3.595767723704400010e-01 4.448733417439910687e-01
3.257987685481721907e-01 2.711415254273565334e-01
3.800799803066248206e-01 4.417403960974334298e-01
3.982414495041846081e-01 3.846290216222371661e-01
2.283510307163967579e-01 1.146924619067185708e-01
2.018318542309685826e-01 6.187700982339875561e-02
1.741137010655733064e-01 2.804341012673005999e-03
3.494936214399267382e-01 3.931372386918500772e-01
3.863235674037226453e-01 4.624925574645304960e-01
3.378707131134637276e-01 2.215096763451389061e-01
3.531264753246438071e-01 2.950126010642625252e-01
3.456469288875027024e-01 4.322270788176556522e-01
3.629404059230965096e-01 4.500391328080884934e-01
1.905412832938383760e-01 7.562273308111926162e-02
3.460359758980767753e-01 3.654769555263969183e-01
2.131761417322734775e-01 4.690161040109547264e-02
2.348419877598392491e-01 4.321428258845245313e-02
3.712570468252778810e-01 4.398549767717669368e-01
1.563857927913195611e-01 -1.193999973594610242e-02
3.206093867797991104e-01 3.086051636295760181e-01
3.421113180793338149e-01 4.188836343634370629e-01
3.314141418623247071e-01 3.702765344454182483e-01
1.833476757443686933e-01 7.435038965719421682e-03
3.126924042042182883e-01 1.621824575824143411e-01
3.532349084997863375e-01 4.383936122076520503e-01
1.618047339122457573e-01 -1.880208427787909142e-02
2.177116453077349301e-01 6.370518782356507370e-02
3.745258816712686567e-01 4.464179490557190211e-01
3.641153208322686075e-01 4.545306624619970814e-01
3.415141659476487179e-01 3.910639240781703108e-01
3.234871623138299013e-01 3.946212025888048980e-01
3.671921621999600927e-01 3.784849201113466566e-01
2.400003452111061086e-01 9.536516307035511342e-02
1.590828125335691234e-01 3.161778044020310124e-02
3.320148440422564518e-01 2.761564633658919465e-01
3.180969826249478993e-01 3.835459728919562439e-01
3.650674854362077615e-01 4.106465531916246303e-01
3.385649007685622713e-01 2.502256607536140209e-01
3.630485319138517797e-01 4.430191840330340303e-01
1.856436655100169586e-01 6.876801391440026667e-02
3.973103612032033993e-01 4.127428746108676161e-01
3.439547837010185627e-01 3.954138241649460261e-01
3.588587557513338022e-01 3.300544066309506475e-01
3.163396151974535719e-01 2.214224469626981662e-01
3.463829422187715834e-01 3.699228706214977014e-01
3.084780518018806483e-01 2.666961846017490423e-01
3.770985749903881246e-01 3.916008800355432196e-01
3.572282918366240789e-01 4.494064290409816587e-01
3.518247428070178651e-01 4.093555715787230431e-01
3.664896241916568709e-01 4.549525016050061654e-01
2.828834032320826086e-01 1.806225447788915861e-01
3.686297873807984349e-01 4.125401034783690579e-01
3.364882443368359954e-01 4.360788057078089364e-01
3.417605579696771367e-01 4.440221754224527584e-01
3.842603014512283588e-01 4.384881031354971870e-01
1.786255851414462470e-01 3.421941779321791693e-02
2.476397506860844866e-01 6.132599489484318739e-02
3.903282151525004906e-01 3.518741983033802367e-01
2.701453475109430458e-01 9.911010462295984091e-02
1.757130593687089848e-01 5.762376104041391084e-02
1.739934396633225910e-01 1.888867969774957536e-02
1.685451194482399384e-01 4.032274191246844330e-02
3.593101262613651592e-01 4.266705917800688308e-01
1.943729521693312867e-01 1.355967644076727652e-02
3.363484987139114812e-01 3.319997112156874985e-01
3.278360111112914588e-01 3.957642151314212930e-01
1.717759264779360473e-01 -1.633745384049188100e-03
1.814008731192371104e-01 -4.666104775794007072e-03
3.857592914468765399e-01 4.489825204499193756e-01
3.507733215230656731e-01 4.595738170116811516e-01
4.263207839526403919e-01 3.703584747266164823e-01
1.871497263669016087e-01 5.271045859376233267e-02
3.867703280886874428e-01 4.459938167662867436e-01
3.817455407698701619e-01 4.508581825243344610e-01
3.670431479090404681e-01 4.487049022978695234e-01
2.088860264485806473e-01 7.981886562399985452e-02
1.897027101908071722e-01 3.292372564623541331e-02
2.168967908304905989e-01 8.532370796985393191e-02
1.610639279557360137e-01 4.253900989268169508e-02
3.406934966899690109e-01 3.970658462861102467e-01
2.314178126594260421e-01 8.539652089084322217e-02
1.740658896802909639e-01 8.699022204351116588e-03
3.420010741677256272e-01 4.098810557592491022e-01
1.816259642802637853e-01 3.083970467546073152e-02
2.020803605371660205e-01 6.000027725315227461e-02
3.608105809121493479e-01 4.370604322779557127e-01
3.764190350764258230e-01 4.365850582464629315e-01
3.777350887083201769e-01 4.022054480008921407e-01
2.170456224511650156e-01 8.268771528453512654e-02
3.738585257966354769e-01 4.205929003275791778e-01
1.911921731120809764e-01 6.285171854713512626e-04
2.073799546173203112e-01 4.559249548673439262e-02
2.815346801285875111e-01 1.434937232166363374e-01
2.877275455157303208e-01 1.774822439733569346e-01
1.704907337008281787e-01 2.972481069568413958e-02
3.598815393623153724e-01 3.273423376117443606e-01
3.483734855322375701e-01 3.891494652967003032e-01
3.393796330046035536e-01 3.514789600281990611e-01
1.828865061424975458e-01 2.222103613395555455e-02
2.196822154259974458e-01 6.592704489313803984e-02
2.139378817409128830e-01 3.280431788068359500e-02
1.858285158798681780e-01 -9.178207735177662530e-03
1.466140131967877680e-01 -1.079298694396450299e-03
3.554125243200001449e-01 4.155149821943577293e-01
1.511861561645410079e-01 6.307710828150933646e-02
1.874361871775183930e-01 6.784422866119638185e-02
3.660443767751293542e-01 3.956753402873592340e-01
2.098633455274464821e-01 4.722712714476031554e-02
3.982502198178758945e-01 3.614071372524390591e-01
2.059727494334130105e-01 9.513536415137215096e-02
2.403698011994780115e-01 4.933399671648062979e-02
2.029582485409503756e-01 4.298572638876493185e-02
3.769797192922993423e-01 4.363452922204216211e-01
3.352766875985604411e-01 4.162017313728763046e-01
1.406945920913579284e-01 7.264239266728142637e-03
2.427784306604390541e-01 1.305432363499092474e-01
3.296010843186706341e-01 3.154112229807898293e-01
3.478762896852380382e-01 3.682893108525718273e-01
3.781634467791799015e-01 4.471377953757938450e-01
1.990056905080969385e-01 6.795996030037819435e-02
3.001590160696219201e-01 1.623402223114114307e-01
1.838399591653598619e-01 1.782611044203616379e-02
1.761263394051585940e-01 5.300582031988728543e-02
3.520727750665686440e-01 3.390310043872854506e-01
1.718713882184056685e-01 3.248740008506297017e-02
3.954814133249827668e-01 3.404390717914178022e-01
2.073494660432882719e-01 3.773740228375461331e-02
4.012950679075458771e-01 4.246933406586582138e-01
3.114163589675838506e-01 2.650875234700233452e-01
3.584741394184547403e-01 3.347705422847331858e-01
2.072893058319288662e-01 8.136165389495218780e-02
1.977533553755905504e-01 4.479271969439593132e-02
2.104477571179710071e-01 6.060821774141667700e-02
3.684534852377581160e-01 4.136292472189405101e-01
1.463218189539337022e-01 1.396910644062822685e-02
3.595266474508939103e-01 4.824665484740762733e-01
3.058906587614286243e-01 2.034435125797956490e-01
2.114222849208318711e-01 4.569474402365724525e-02
1.898937747242883389e-01 5.052381840609584951e-02
2.038792229239143050e-01 5.896231646897078654e-02
3.930089430962490082e-01 3.843346758821459264e-01
1.636557779911816668e-01 5.086698514008589772e-02
3.764800587576680457e-01 4.263354285092119667e-01
3.569907389824762411e-01 4.478520934984153157e-01
2.231312702748107502e-01 6.864014143915768418e-02
1.506067307835907976e-01 -6.819531058821293526e-04
3.303038202685817382e-01 2.516854507162290533e-01
3.074273849594724162e-01 2.126586399868636568e-01
1.441349817111269582e-01 -1.153907554885439182e-02
3.330173823767525465e-01 4.104889007346183560e-01
3.726120963204373471e-01 4.765407064262329739e-01
3.725238873569695075e-01 4.540618795245505157e-01
3.293764647181341987e-01 2.637894948179413945e-01
3.967643418402134747e-01 4.184314852762198167e-01
3.493819179983528311e-01 4.298638637401943075e-01
3.627903240032351873e-01 4.568531357801896564e-01
3.769458003806568369e-01 4.753660202886040298e-01
3.614538728276761037e-01 4.545727493961921883e-01
1.609113992030511420e-01 2.371025817446814794e-03
3.473565777779730190e-01 4.351189010986879491e-01
2.134865139363360254e-01 1.032324759071764908e-01
1.682371844085278900e-01 8.035365734564749174e-02
2.024840459325249753e-01 6.006560678095144296e-02
2.022845131965365362e-01 5.830647617330316640e-02
3.950440597674446108e-01 3.861266091661065825e-01
1.461314229927820618e-01 3.813369690414494112e-02
3.306780887271049130e-01 3.487686891558299807e-01
3.570696367298379359e-01 4.365094160928575939e-01
4.011341831126756241e-01 4.033983749838663257e-01
2.426900153026867735e-01 5.699929496300020632e-02
2.998628976469434049e-01 2.137538774369977801e-01
3.303878064628624767e-01 3.471283906209969849e-01
2.347064757979847871e-01 6.847451814191254926e-02
2.226802918507056195e-01 6.290822143075744388e-02
3.746313282836295500e-01 3.530515153488638647e-01
2.389314843688001566e-01 8.403037287503506425e-02
2.091618478984448581e-01 6.927550326650359913e-02
3.765541390857323201e-01 4.367581912779601727e-01
3.672111655196528268e-01 4.371476476864352145e-01
3.206560560921997705e-01 3.607304762185368774e-01
3.453763085541582400e-01 4.018898848167444249e-01
3.782834814317022620e-01 3.479468416900199923e-01
1.837992884780868252e-01 5.413382589173686837e-02
2.632145177748914100e-01 1.854342043507488380e-01
1.816410739683411990e-01 4.798893569386449703e-02
1.589770149999028825e-01 1.325181958466880791e-02
1.616884928887637463e-01 -3.417140817493617873e-03
1.644924438697800140e-01 1.056740524097341677e-02
1.742094203357411053e-01 2.158165490153674329e-02
1.300370194063281415e-01 3.378245836407704587e-03
2.043618154285180288e-01 3.296689708563881743e-02
3.159287451864056795e-01 2.120597813613539773e-01
3.430905953047368451e-01 3.974574319921774790e-01
2.046312277886354614e-01 5.469526739251763525e-02
1.950250236229666700e-01 5.639649280032282136e-02
3.132887060720258576e-01 3.426919292940914796e-01
3.167930996447729797e-01 2.638811097396878691e-01
3.619541394004996970e-01 4.519192847098814636e-01
3.511988672544420487e-01 3.772852041275097101e-01
3.822749206272215150e-01 3.817508823910831239e-01
4.036347132543521843e-01 4.450210754596197749e-01
3.214056527910160721e-01 2.373161788546748474e-01
2.061967676873630306e-01 1.102637371152343990e-02
1.755616414895870558e-01 1.175764835663728816e-02
3.529839496692082634e-01 4.517609615912942522e-01
3.772869897655628524e-01 4.432130077516911459e-01
2.132707523923318138e-01 7.594428627582978930e-02
3.647995850805450524e-01 4.143893542091041104e-01
3.342369543718909930e-01 3.231377360069563331e-01
1.756554850592465800e-01 1.323071556301280011e-02
3.251731354731912660e-01 3.604279286647334435e-01
3.559317482527684096e-01 4.012201514634145538e-01
3.977952170768347950e-01 4.729365354299774338e-01
3.543414699784859234e-01 4.206585191507324351e-01
3.366370315002919500e-01 3.749870421332203718e-01
1.863254627197276359e-01 2.620170875688587753e-02
3.477072593324609384e-01 4.494348769101358942e-01
3.662186310677052470e-01 4.205951379910982113e-01
2.846433616362372687e-01 1.754255430813169425e-01
1.525912858338894784e-01 1.156522269446203649e-02
2.487439509130787429e-01 6.469206217501952128e-02
2.316166713370355901e-01 1.092017357594699950e-01
4.049345891714198897e-01 4.356699289762820393e-01
3.574371387954281554e-01 3.888899327143367501e-01
3.765973031749448863e-01 3.388987829186506651e-01
3.431051958349534692e-01 4.255903356520454595e-01
2.055007257425013611e-01 7.500560853256037219e-02
1.642467669478595294e-01 1.463999444718020598e-02
3.655073720415513150e-01 4.213326995274754849e-01
1.951256805405941208e-01 6.283238038880341325e-02
3.608631377284486907e-01 4.603584931851449347e-01
3.453850482996241311e-01 3.618542909695721121e-01
1.893413144831567752e-01 7.861661499422967214e-03
3.671171934338300913e-01 4.220947461742243223e-01
3.429398438348659206e-01 2.973264845014684243e-01
2.217145356609299955e-01 4.231647956319985193e-02
1.996247829324465373e-01 5.827076563448863739e-02
3.765141319362814709e-01 4.673297698857104554e-01
2.059336609498249870e-01 4.481324016093268109e-02
2.324004044979713912e-01 9.581103833648951795e-02
3.777184860670979027e-01 3.658902710787982904e-01
3.543845234396457156e-01 4.340145776140970635e-01
3.525986637544945013e-01 4.114481620731826328e-01
4.346990995742363584e-01 3.072529690771494404e-01
1.852544954967492996e-01 1.230583159000089161e-02
3.184622595266876632e-01 3.755082179290079036e-01
3.457412738344076142e-01 3.415900255222160120e-01
1.760527244518657608e-01 -3.896096631378184912e-03
3.318583165832162951e-01 3.805810365313487265e-01
3.446541876781668012e-01 2.780364618101733853e-01
2.612316993947715882e-01 1.123594092180066062e-01
2.590276610099651600e-01 1.315023583465961821e-01
1.723244789905943319e-01 2.665601291940934703e-02
2.116677279768334474e-01 7.737026337134428333e-02
3.609911437559357728e-01 3.301155201607856582e-01
3.572999083059903436e-01 3.931397903940335170e-01
2.108062875643260392e-01 5.276186233578814000e-02
2.972334868887233084e-01 2.756264032925787588e-01
3.187749363080430443e-01 2.575672719041475767e-01
1.635168616120623031e-01 -1.082325435533480415e-02
1.529435666570561902e-01 7.660431532514159168e-03
2.803703307304928893e-01 1.696555865654862660e-01
1.858423175006025108e-01 4.296724290670096008e-02
2.201702650110149706e-01 5.663203259593608402e-02
2.212186783907973964e-01 3.911574470164267542e-02
2.449602205436144653e-01 1.546565479820176392e-01
1.767113348436669396e-01 3.828215680836992429e-02
3.733250985025678981e-01 4.479930390894068526e-01
3.527805711720608528e-01 4.170568029687576894e-01
1.859270215660320524e-01 5.791313096864347115e-02
1.960276078164666924e-01 4.717790359757836199e-02
2.900710166589950401e-01 2.183167788739364956e-01
3.340423521061280931e-01 4.137804978051636273e-01
2.376636898282651067e-01 1.092918654932376055e-01
3.500177224569694934e-01 4.020655027717703889e-01
3.944849251070309260e-01 3.518927321709293676e-01
3.888431336221969126e-01 4.308992012358606183e-01
1.951471366898145099e-01 7.684848158061291512e-02
1.929720844443771621e-01 -1.058579230217071565e-02
1.614466629657790586e-01 1.473525320643376615e-02
1.923507846658025489e-01 2.647727519484151942e-02
3.425824534215330397e-01 4.235306808002510803e-01
3.898475990624880039e-01 3.852855780995111945e-01
2.042330205882168237e-01 6.750151669907185348e-02
1.661402365679127968e-01 5.055502394809634897e-02
2.005002692147103416e-01 9.574468454192028299e-02
2.460284696586242659e-01 7.961230309065359112e-02
1.794231418727561256e-01 4.306054019925007609e-02
3.949860698083862420e-01 4.653119202293607981e-01
3.415412160513676132e-01 3.308362503165692137e-01
3.664002782266287950e-01 4.314065881563793892e-01
3.390386374614688947e-01 4.366935074757111734e-01
2.111102927648907668e-01 8.886856884250916855e-02
1.508443717311601373e-01 1.791972344187569080e-02
1.774129005353076993e-01 6.404167066394642061e-02
3.287990287712477810e-01 3.901346739575342615e-01
3.922819685751998131e-01 3.804684714866887196e-01
3.498115314453867919e-01 4.630981394483852376e-01
2.032936967898373581e-01 3.639018653570014888e-02
3.628221797482553690e-01 4.255608169188598855e-01
2.068866094137192524e-01 5.466816230828386997e-02
2.872861363899878451e-01 1.539200878558539543e-01
2.109588737657344115e-01 3.611716420253652249e-02
3.533947374176709122e-01 4.594963992039011180e-01
2.145638675827797603e-01 7.764653146820631180e-02
2.044335955306610109e-01 4.873620976778002961e-02
3.790189208002017751e-01 4.140271740759954855e-01
2.355592389250378560e-01 1.256352823748143333e-01
1.913779987475678623e-01 5.713492484513856690e-02
3.409071321352290518e-01 3.552566951351919244e-01
3.305082933412468726e-01 3.154495653533833655e-01
3.922461976193273303e-01 4.019690319808722490e-01
3.578470361260892574e-01 4.596680844520138476e-01
3.698942071136214205e-01 4.372941015618740934e-01
2.875727200294097008e-01 2.361376177145540212e-01
3.322588462610386317e-01 2.930447615595831445e-01
3.187653422478483600e-01 1.634804676707085902e-01
3.410794005418185115e-01 3.014261968149660187e-01
3.068157210351228903e-01 3.861407511903059420e-01
3.354311815927356610e-01 2.591240704364450864e-01
2.230913015679594213e-01 3.100076828244392735e-02
3.523630214838875951e-01 3.297822314025178891e-01
3.519022860040822986e-01 4.039917090649228215e-01
2.069375169629726618e-01 1.141426725568619460e-01
1.976043707873490207e-01 8.715048424331078847e-02
3.382580440258076138e-01 3.834347572654252523e-01
3.821201490592580075e-01 4.362984834753848018e-01
2.396235101259583944e-01 1.307207076054242301e-01
2.563622665261890976e-01 7.253489895087993078e-02
3.829176053678177150e-01 4.483491799877596939e-01
3.502735788796854655e-01 4.313986384040411903e-01
3.289040073272037068e-01 3.920769627462546425e-01
3.466032903187736824e-01 4.595678797052063502e-01
1.701633787425449740e-01 1.362729718981810917e-02
1.508383515742305059e-01 -2.908046875740879014e-02
1.703087626042702751e-01 1.323193548362355809e-02
3.116934951935776965e-01 2.914538055094902935e-01
2.704214046747450140e-01 1.088980693089691143e-01
1.689563485628284012e-01 5.670495544140734256e-02
2.924580079106071651e-01 1.665755317229529187e-01
2.260386063386978506e-01 6.577014492993571437e-02
1.966699471585129089e-01 5.813396819863225068e-02
1.712808466670693031e-01 1.763377831330101633e-02
2.394093815791222268e-01 7.939220661954111968e-02
3.904531765939269761e-01 4.407812720701635434e-01
1.585224125789627958e-01 3.030821677007262266e-02
1.889061234620299790e-01 9.230348195861218241e-02
1.698496311025573802e-01 2.147196602546652677e-02
1.234661211014297516e-01 2.594461831559343595e-02
3.673698163798925220e-01 4.150508236051976274e-01
3.546322432616417220e-01 2.706514175342235595e-01
2.084034330284776637e-01 2.210813312780089343e-02
1.575330679789843924e-01 2.394913738988169172e-02
3.690306204793348810e-01 4.891371578324860692e-01
3.378622760976865425e-01 4.303300038499203173e-01
1.944728145293994348e-01 5.561238779832065188e-02
2.295820328632849627e-01 1.640967303115203613e-01
2.220965055990434811e-01 4.522436678445182490e-02
3.573666985410046681e-01 4.189347531813915615e-01
2.944405630552107134e-01 1.805321653255453629e-01
3.444694053183539051e-01 3.548435822064758827e-01
3.698378149010305149e-01 4.485856707695000112e-01
2.597504044027035830e-01 2.233402205821361508e-01
2.983870173767777523e-01 1.950701458385162013e-01
3.638295779249280382e-01 4.507346015657056060e-01
1.966636977700139399e-01 4.457086084959588357e-02
1.966407059452676687e-01 2.194255779833095832e-02
3.865768815172149764e-01 3.926791640976264319e-01
3.446422028351576183e-01 3.937441723879128719e-01
3.456299806254449214e-01 2.122833975624969505e-01
3.438619129355164894e-01 3.575110323917125021e-01
1.590513970763575979e-01 7.069871186144560844e-03
2.026178613882076707e-01 5.866978974964377064e-02
2.827007753875154794e-01 2.202480088818101200e-01
3.528013027141616020e-01 4.481689746416668285e-01
1.896689967182189074e-01 2.041300823004700907e-02
1.750653108065034769e-01 1.828342964135464682e-02
3.453565372222557883e-01 3.636275790022719945e-01
3.515262846390908580e-01 3.998613321563920797e-01
3.185080745723085638e-01 2.867148244351088726e-01
2.056114272640120755e-01 7.549770675172469414e-02
3.916425786512824359e-01 4.143930100002947148e-01
3.649527607678007546e-01 4.457750941308950554e-01
4.015468244382729979e-01 4.417306056021373384e-01
1.708295252249812102e-01 2.726029844056711976e-02
3.909762713962904312e-01 4.001199699412726907e-01
3.505972681354798670e-01 3.774740999722757673e-01
3.624884572905001101e-01 4.605934274017366437e-01
3.715580154669291812e-01 4.589164683696941860e-01
2.771041254005368604e-01 1.152249982717802740e-01
1.793271534780221665e-01 -1.458981469304382675e-02
3.270984777418367573e-01 2.942542189793390106e-01
3.537602777217171979e-01 4.174476220164134999e-01
2.126555727057192757e-01 3.303407671552209546e-02
3.641867472339139766e-01 3.713283943370791484e-01
3.594871895435544085e-01 3.597160311345523609e-01
1.751366526899126586e-01 2.546925520413604802e-04
3.478847210298858794e-01 3.614947653622574975e-01
3.407594026352451788e-01 3.754395549526893805e-01
1.907608199688419492e-01 2.766442541704757646e-02
3.158457817924136823e-01 2.885357104099927628e-01
2.403884938835046947e-01 5.442059802154873560e-02
2.229414731983301312e-01 3.771668702339853185e-02
3.741567581249898300e-01 3.634127853525654372e-01
3.271800987075103029e-01 3.950961679889401501e-01
3.346521568472684560e-01 3.951092198331044858e-01
2.613465200126140475e-01 1.605010217298513675e-01
3.477261364652924902e-01 4.158310992355585545e-01
3.674840231373164845e-01 4.244106432725606726e-01
1.819448783137072034e-01 2.066129367244476378e-02
3.537882393046334339e-01 4.386308488150297280e-01
1.619795930723578192e-01 3.494541092847040092e-02
3.462542970122964858e-01 3.162817441900206417e-01
3.642247972421464031e-01 4.366788023954697451e-01
2.078125889925172831e-01 3.469623669814130701e-02
3.046679790756802730e-01 1.962837794269119418e-01
2.221345427863124222e-01 6.108721520273816680e-02
3.726860331388349157e-01 4.118905129202735105e-01
3.450592677583769197e-01 3.512808716234980255e-01
3.659207921382819917e-01 4.866461667520473600e-01
3.093825209793855668e-01 3.602621283214568204e-01
2.409387730743292322e-01 1.096782850641142212e-02
2.100303957583183612e-01 2.434996760402867791e-02
3.617038259122526966e-01 4.845753880274645264e-01
2.027746126077887567e-01 3.039639021619929687e-02
3.571597967341950675e-01 4.125616514581030292e-01
3.562729757067714664e-01 4.220503217158182996e-01
3.440282552915410186e-01 2.933700659909738162e-01
3.468211710845642282e-01 4.139919066747779208e-01
3.640717799871300842e-01 4.279770841062225384e-01
1.810972183296650218e-01 1.773686271758871669e-02
2.078480499454380681e-01 5.335994531600710827e-02
1.802379422082764637e-01 5.271105723497152701e-02
1.891701477710495127e-01 4.155148081001631272e-02
3.750872889119894471e-01 4.075524436837613673e-01
2.350212670145211680e-01 1.310885206857086149e-01
1.775838222962531354e-01 1.680710632591294468e-02
3.950839459878363602e-01 4.446570529213251799e-01
1.791881071650249790e-01 2.417327984248928210e-02
2.342800278968173167e-01 8.595554645605113508e-02
3.470658554174154142e-01 4.082633268348750399e-01
3.692395335215347130e-01 4.603300788552871503e-01
3.517444171224003435e-01 4.136217861767002013e-01
2.418862991176717325e-01 7.673793865403030767e-02
3.480065195863573102e-01 3.643127021721853098e-01
3.915058655523581677e-01 4.272113696785792558e-01
1.862845419572883854e-01 1.482075381719131363e-02
1.795560219943625746e-01 5.850794875877405460e-02
1.864448683194568634e-01 8.037642518172649631e-02
3.908865318018622803e-01 4.626250524030097733e-01
3.619771771985222930e-01 4.283929234275352660e-01
2.017960637144419755e-01 5.663575829558312874e-02
3.337775276749861963e-01 4.428789504380115094e-01
3.606810286524287368e-01 4.191302564786534290e-01
1.704378979462963517e-01 -9.436555687089349942e-03
1.764798291760975579e-01 1.058533673031261321e-02
2.013920147503598657e-01 1.729546076441592500e-02
3.639536029437698827e-01 4.418672344596800139e-01
3.832157042557755577e-01 4.528548802390513495e-01
3.581480510975439402e-01 4.589025717235711288e-01
2.065368636132230984e-01 5.068532094274214722e-02
2.219981087658797481e-01 6.532269569608965820e-02
2.513251489889691270e-01 1.804980583356840529e-01
1.640014242525509036e-01 5.205498899358759063e-02
2.887876867848816476e-01 9.557020454688937294e-02
3.570235012449780587e-01 3.304542259310251917e-01
3.610689220280880463e-01 4.282811377714659806e-01
1.902778290339499634e-01 6.086538227821338548e-02
2.186665006645999443e-01 1.245640398431604595e-01
3.412763489958260954e-01 3.135656051382494924e-01
3.712348362567577942e-01 3.171747008527364131e-01
2.833385373858751111e-01 1.840624093333888267e-01
1.631569110720497151e-01 3.106315130450952589e-02
1.854971275949683640e-01 3.436987160354824239e-02
1.651935280219518909e-01 1.749131421868137248e-02
2.538878719665205175e-01 1.475661759372787207e-01
1.508183799945892190e-01 -2.492598857800333752e-03
3.305203176351830252e-01 4.279639827082699632e-01
1.989039088143512990e-01 7.383016058258001779e-02
3.589298275538861382e-01 2.796165914845850087e-01
3.334701291541183887e-01 4.079337359647538519e-01
2.879021519306881327e-01 1.828009834857387272e-01
1.844330175630309598e-01 2.614153120412686382e-02
3.544800879232968827e-01 3.843268747138954278e-01
3.486905315512947023e-01 3.988300695110389982e-01
1.351745900811262280e-01 -3.693499397326663151e-03
3.207884969144277343e-01 3.288287636131315694e-01
2.612577972492152734e-01 1.476296827218098462e-01
2.402109339006685274e-01 1.144509743252937889e-01
3.623575053324569195e-01 4.007821565541382913e-01
2.447970670762628365e-01 7.481992121356252634e-02
3.690572781042816275e-01 4.400475597985457621e-01
3.370455089515182467e-01 3.609036551111599045e-01
2.725602652340437526e-01 7.318209304293991913e-02
3.783115425017447020e-01 4.258350591617661718e-01
3.787542043423772209e-01 4.139487941900867329e-01
1.881384733583897628e-01 2.521902791294762872e-02
3.566154852227361172e-01 4.044825728083168981e-01
3.697595496683914185e-01 4.209639886695190625e-01
3.133497889511467904e-01 2.912746786672577026e-01
3.759850242074443960e-01 4.394540762106680098e-01
3.494606395788291131e-01 4.161192910078558294e-01
2.107569099153714653e-01 8.194830059263227828e-02
2.017878206667532426e-01 8.831800107671805566e-02
3.467104106356702631e-01 3.979441021839038028e-01
1.825749537069238093e-01 6.808308870172119498e-02
1.632054691126147428e-01 -7.285251089485249472e-03
3.497931510735938221e-01 4.336355302896584551e-01
2.268409612736636272e-01 1.143278053535872613e-01
1.923445074579047398e-01 7.701255008766845489e-02
3.607286080804147366e-01 4.395364018618914126e-01
1.944744106326559419e-01 3.823778277569511025e-02
3.642287129831774939e-01 4.235889891819218378e-01
2.054079242559618546e-01 9.508943198851808887e-02
3.639883841439117695e-01 4.434684398346392942e-01
3.698828927653236009e-01 4.217902239329179293e-01
3.609326874964499665e-01 4.432225086243256063e-01
3.695723594737084228e-01 4.421878186880063288e-01
2.242249114379756825e-01 3.279742705501307448e-02
3.444610926816182861e-01 4.050199120636119865e-01
2.906806437701637824e-01 1.156630087785186084e-01
4.012503481595032229e-01 4.542758145953914584e-01
3.937290979948068204e-01 4.426522808492840966e-01
1.813128766697913175e-01 3.365654044706901243e-02
2.200499144895124159e-01 1.432064947468763005e-01
3.760168801937978644e-01 3.816876015192937621e-01
3.593354369599322529e-01 3.770212387053618053e-01
2.259039404335003998e-01 9.491794295671933390e-02
1.907164117046639962e-01 2.956801229266630554e-02
1.997888310148956681e-01 3.915820856057334459e-02
1.512808494151513250e-01 8.045432615815698713e-03
2.242205562930106033e-01 1.065240227207294027e-01
1.546193402524874971e-01 5.869133601082171352e-03
3.447328612266485903e-01 3.989630542418904358e-01
3.337447685976128176e-01 2.508973709906849314e-01
2.563035036092144447e-01 1.175175826015964625e-01
3.349002817939655818e-01 3.983048189057202815e-01
2.963293226291319749e-01 3.104931461418220517e-01
2.296027495928944784e-01 1.189902153521259359e-01
1.858468742057332312e-01 2.482651662879608451e-02
3.802666775226328233e-01 4.779017038183496768e-01
3.833148214564648382e-01 4.236145252987727483e-01
3.775832579924855992e-01 4.561760233024474975e-01
2.759140309415307746e-01 1.666516606019740054e-01
1.787085660463415548e-01 3.382401087090384367e-02
3.905174854652734284e-01 3.798865245106529120e-01
3.355790492506618983e-01 3.681813491244737002e-01
1.935947366267245784e-01 4.580476544301138875e-02
3.831622239890102311e-01 4.748199803737527258e-01
2.497419159051241511e-01 1.071563179542335126e-01
1.570659948950440532e-01 2.733001522429333308e-02
1.804423346270467576e-01 7.191795360873866338e-02
3.031242478491579795e-01 2.323680319864147303e-01
2.109510304055990659e-01 2.539076262499404338e-02
2.074845790486928854e-01 9.371777823987256784e-02
3.064067112357888867e-01 2.211674818245226437e-01
1.783129548362976935e-01 5.565289752001209567e-02
3.844303538117737062e-01 4.351699418133501696e-01
3.608177427935395087e-01 4.329561470575407078e-01
3.531745908753001206e-01 4.137015698376699246e-01
3.896271888802401162e-01 4.144258328714814366e-01
3.396136658713565515e-01 3.606802062820622656e-01
1.790661196145064693e-01 4.059850405523347805e-02
1.792400687321064612e-01 -9.136344281769692016e-03
3.878078718826455384e-01 2.756374992597031004e-01
1.979767949086312095e-01 -9.316708168373880744e-03
2.020168378322320379e-01 2.200337758391297804e-02
3.719468595029979952e-01 4.511909044551713488e-01
3.597546698189451053e-01 3.854379829114863987e-01
1.818929755367010292e-01 6.586484144961825618e-04
1.953438947795088365e-01 4.963728288566408159e-02
3.348463869229698076e-01 3.362295736063349305e-01
3.482605269214297250e-01 3.880887384701279252e-01
3.906631465221566679e-01 4.378062036992023676e-01
3.427522528147070036e-01 4.400646456522178673e-01
2.158090807987863846e-01 7.413366915018888836e-02
3.605775126891165305e-01 4.040844566300134111e-01
3.583473062083688543e-01 4.226775824198451548e-01
1.935061938034648432e-01 2.795696063182574742e-02
3.903369685713334869e-01 3.911775421484164350e-01
3.777995413307823624e-01 4.058795259737751349e-01
3.706783515304676868e-01 2.819522808813123560e-01
3.192405082998199806e-01 1.986368732966401762e-01
2.791371871938281846e-01 1.246809534096437050e-01
3.470309082489123620e-01 4.451686387848408644e-01
3.844662153458339171e-01 4.703475233291629087e-01
2.308554329437729480e-01 3.354860313406450578e-02
3.290904061142256865e-01 3.765202831077955614e-01
3.984744741675049218e-01 4.196968328912263901e-01
3.647531491901491729e-01 4.550264838063179940e-01
3.334024094673960770e-01 2.585330942815389776e-01
1.851385288751451752e-01 5.611903539344881980e-02
2.202774114948540807e-01 5.341891079156182998e-02
1.884337494312541550e-01 3.359038682853501129e-02
2.146819056984685670e-01 6.575428424539157823e-02
1.802373852291409284e-01 4.454632439924969406e-02
2.302593675649639293e-01 7.766651363404518393e-02
2.259272836521874772e-01 1.025446292266564835e-01
1.781830972895342979e-01 6.488046632030224949e-03
3.455698705578645891e-01 3.316794058937942991e-01
2.771836585914669859e-01 1.114809691273506570e-01
3.005602399542015579e-01 3.086722951983469354e-01
3.532803667048176610e-01 3.909926026785803255e-01
2.990263027467437440e-01 1.836896769414983199e-01
3.712025794169961923e-01 4.124982826000296865e-01
2.352418672867427341e-01 1.523969163644547931e-02
3.735235307792519333e-01 4.306561478311767277e-01
3.119614564111568011e-01 1.240865243853897654e-01
2.023263435903508711e-01 6.328941770589392724e-02
3.142426551878653163e-01 3.346300475209183500e-01
3.501940551306025884e-01 3.666368618208190044e-01
2.355046660447871198e-01 6.543207594950191386e-02
1.328485421333379657e-01 4.662705248039917226e-03
3.714119737763843521e-01 4.155754801404639154e-01
1.952504222855419302e-01 8.578662607479618785e-02
3.536612536316174338e-01 4.232993398865135259e-01
1.929528374636782229e-01 3.807302633660861191e-02
1.504511983636177830e-01 1.084119107389242692e-02
3.783109112559802645e-01 4.058939082694419387e-01
1.703388762479747520e-01 1.778428955611735876e-02
2.196244655888236752e-01 9.786977043486620731e-02
1.496700951880411967e-01 -1.077503017990946027e-02
1.953281040947332514e-01 2.597715132088541067e-03
3.765565930976210174e-01 4.560206728480276639e-01
3.357402625694254072e-01 2.879688821645310925e-01
3.370944787619110095e-01 3.899561666504529067e-01
2.026495091360601963e-01 7.473676325486203198e-02
3.659160216077901318e-01 4.509336539010320721e-01
1.626812523319750847e-01 5.239861126544127085e-02
4.170700307066018686e-01 4.386588651932600835e-01
2.492330651854978429e-01 1.416153058327768721e-01
2.416537032815831432e-01 1.518793813629646938e-01
3.553079676148757637e-01 4.411848651893476858e-01
2.242366394178841316e-01 7.382558338944462950e-02
1.477955364216129441e-01 4.461448343095788388e-02
1.536450403895479877e-01 1.933365091319869111e-02
3.615516367553887056e-01 4.168669297165499832e-01
1.822915162458658422e-01 1.902875108301751300e-02
3.826324962063453738e-01 4.490083034401490258e-01
3.560464620160803673e-01 2.657393311512711853e-01
3.355215230752731648e-01 4.300025771130404073e-01
3.690801043024329320e-01 3.730677344999575595e-01
2.089979126489210359e-01 1.039946788987998333e-01
4.117587421247166368e-01 3.627884314713633596e-01
3.523118069861476132e-01 3.650688104790945077e-01
3.497160607893197160e-01 4.023222671018962249e-01
1.844345329139958911e-01 7.171148881585533152e-02
2.135449365829127089e-01 7.628844391935578340e-02
3.913827840702069905e-01 4.102814960213372886e-01
3.689618019237192459e-01 4.272679533563814025e-01
3.008367095201294750e-01 1.737511468613174848e-01
3.558045803112241390e-01 4.440614427779261408e-01
2.114895758742588450e-01 7.487120738007112253e-02
1.860529151176422979e-01 -5.903453102753028654e-03
1.996190528667095843e-01 5.351327041192145695e-02
3.183453195870032948e-01 4.014466285187224814e-01
3.211297731056790283e-01 2.436955690766945681e-01
3.499470780204063658e-01 3.729446763882305893e-01
3.280176458931445271e-01 3.781384462787106271e-01
2.591598463945253283e-01 1.452011095487661385e-01
1.681276387158441576e-01 2.297651410878992148e-02
3.531442067127000817e-01 3.878840581773131957e-01
3.507849419923171341e-01 3.921920309000571092e-01
3.517506576469236479e-01 2.849994369949426232e-01
3.564700245356400288e-01 4.583829748548567395e-01
3.902805536941018616e-01 3.837452961826822717e-01
2.171240325876735155e-01 1.218184648593453739e-01
3.289242670966829873e-01 4.359054668090039941e-01
3.480736468387968796e-01 4.338765556900579523e-01
2.136267649431531079e-01 3.005829461813301628e-02
3.557816474988617084e-01 3.887093231744295774e-01
1.702342196766483406e-01 4.253248713284700500e-02
2.123833482039292619e-01 5.640923788689818086e-02
3.714958889070801851e-01 4.295266633231984987e-01
2.965627700519720134e-01 2.119227831263034156e-01
2.261922699746196641e-01 7.714833482942279330e-02
3.792636500677937783e-01 4.527401847432511728e-01
1.849941700906898578e-01 1.567339388120738558e-02
2.951470243868893895e-01 3.186499096044664303e-01
3.268128273896556690e-01 3.505003919645484634e-01
3.388781107625569167e-01 3.195232111634711547e-01
3.625414230507684188e-01 4.463643509963171052e-01
2.636937884133644383e-01 1.548985837870322235e-01
2.185998136035786632e-01 8.674411174846488604e-02
2.169757078481082402e-01 9.748020365525721098e-02
3.164881686194078170e-01 2.714190706431099387e-01
1.816422899042262062e-01 -4.421822837115629151e-02
3.416708136557157771e-01 4.215914669157999617e-01
3.706353163363717562e-01 4.520765926439945792e-01
3.537553830019847245e-01 4.132442152394017465e-01
3.820971854991616068e-01 4.673151808599457224e-01
3.204966046304729144e-01 3.941800246915230788e-01
2.887120999862957671e-01 1.903896013334743509e-01
3.730471739595349612e-01 4.851326927670397415e-01
3.744895579344948433e-01 3.713402733522598309e-01
3.422428039184471915e-01 3.921259593504841101e-01
3.467228452064793354e-01 3.949738943053485163e-01
3.764867656229800574e-01 3.298028068045650296e-01
3.212632954565830534e-01 2.411948467700451293e-01
2.235902155338788388e-01 8.719652991822211818e-02
3.198160512357678398e-01 3.600569507074064535e-01
2.269752143529056576e-01 5.156127013144060078e-02
2.015327378178514428e-01 7.986942553383274968e-02
2.024048281948182815e-01 6.699810342669006158e-02
2.007768811193031133e-01 6.484307531238829581e-02
3.639397719734824843e-01 4.345585996971898513e-01
3.600112923647051377e-01 4.546182213677155137e-01
3.522045656869954300e-01 3.918210371744240139e-01
3.701874750109938050e-01 4.378913102826214043e-01
3.496410134762316102e-01 4.247470926512187384e-01
2.984386106959508456e-01 1.734353739026040786e-01
2.652313039297792274e-01 1.955758791747373368e-02
1.750630008632720891e-01 2.578920159316287763e-02
1.749583256499726291e-01 2.397724863126058856e-02
3.750297414797347795e-01 4.675272975930793162e-01
3.456883494778558719e-01 3.915377688123338751e-01
1.911002470982464674e-01 7.665357724658845850e-02
3.578747581647730991e-01 3.555556365589322421e-01
2.081777752295872197e-01 8.677881088790284636e-02
2.500624581559990900e-01 1.117302043543590556e-01
1.895205177061314583e-01 3.804851948540957651e-02
1.959251953451119632e-01 8.283558359525802772e-02
2.951909500065506564e-01 2.129131437998036669e-01
3.389976982842022313e-01 3.806709117790147423e-01
1.952811657376009313e-01 6.030567026689914040e-02
3.228238113787226249e-01 3.762689234001511118e-01
3.848200749332208459e-01 2.941797138790788746e-01
2.438748394081842186e-01 9.541721723095905605e-02
3.504523143636250060e-01 2.007589300785636854e-01
1.653007523405972401e-01 3.196696706350814904e-02
3.617896066899146668e-01 4.440689420235953699e-01
1.867743157440048263e-01 3.192561469734481183e-02
2.644780700198982037e-01 1.508463695519169090e-01
2.338798637185199036e-01 9.921548666530122240e-02
1.791041135246328742e-01 2.672265753362881857e-02
3.513598021044850306e-01 4.084848017538133536e-01
1.967059982285780939e-01 6.348567263169213604e-02
2.269900823053875027e-01 9.852017036863494615e-02
2.145411928055209472e-01 7.017426811791939445e-02
3.431334257479020100e-01 3.232912723662781374e-01
3.390427192489134933e-01 2.392857991198858170e-01
3.842341755902623501e-01 4.594928848215775186e-01
1.435064760003885997e-01 5.925044919812155232e-03
3.523978267543554366e-01 4.277660507707458648e-01
3.758816862349977361e-01 4.554694791671684562e-01
2.151135303047559677e-01 3.606515420213420725e-02
3.571472915291137307e-01 2.851663097029198402e-01
3.732856592022160136e-01 4.456759755377192600e-01
3.909119194567889366e-01 4.299561390337727773e-01
1.917964360305015881e-01 1.991392084007048008e-02
1.819216710724634589e-01 5.044709035717211826e-02
2.203916194753660074e-01 8.335367573521403062e-02
3.150453915691725504e-01 2.362025041625859523e-01
3.737420207788988424e-01 4.325663222929063689e-01
2.336684885447709303e-01 1.383794377009610888e-01
2.900562620243282153e-01 2.195750981288855097e-01
3.168540937075023933e-01 3.524500833134162070e-01
1.559657648486162673e-01 -1.742898075358562462e-02
3.628880407003725050e-01 4.200922543483632809e-01
1.999793123486390822e-01 4.220311840912802787e-02
3.320937653930662314e-01 4.063106275132302714e-01
3.634372211636914818e-01 4.666675052508234001e-01
1.815426767725226986e-01 4.368583522530504470e-02
3.510918265501896673e-01 3.316328279918517308e-01
3.640848706714394645e-01 4.633888990990712720e-01
3.751469355661437577e-01 4.498788864665617671e-01
2.069403278421512449e-01 4.959148595356378114e-02
1.664780277920907270e-01 3.249304004631869969e-02
3.528290006282452929e-01 3.996905522498032659e-01
2.236029474733982336e-01 1.151594370772709292e-01
3.942995787556088927e-01 4.049966143524595941e-01
2.570354682510653799e-01 1.104504032528577234e-01
2.200357386480610300e-01 3.654762996327197422e-02
1.697943405391072191e-01 5.953946617959545579e-02
1.812831165642251052e-01 5.012426998996553917e-02
3.174721886506516322e-01 2.468500345712240918e-01
1.994590082219730165e-01 3.712717809593877455e-02
1.729333605943360330e-01 7.896417887732456314e-03
3.416099438609212502e-01 3.991518924203315000e-01
2.580174616653634345e-01 1.333265926854020622e-01
2.832544223744000167e-01 2.520878499143978102e-01
2.332908350566403610e-01 1.034028860081063345e-01
2.116951521596044106e-01 8.524207916361072057e-02
3.591141566950352138e-01 4.030053443178231443e-01
2.329752880985175578e-01 1.058376942427497053e-01
1.735990041557810282e-01 1.043243290319387923e-02
3.972217000078608340e-01 3.914524239235511183e-01
2.016589480394832268e-01 8.050003571850532225e-02
1.631691570315842166e-01 2.598562007018907077e-02
1.502390487701535104e-01 2.359136729028018034e-02
2.786704245004913982e-01 2.584632405443005321e-01
1.851597239203396639e-01 1.782396670091084337e-02
3.870954255099702812e-01 4.523438015601182749e-01
3.158245386870438542e-01 3.831566727702258590e-01
2.065282020809482144e-01 5.493140377057974949e-02
4.034696466538181259e-01 4.542401018394726653e-01
3.746375228758314635e-01 4.755260395166252541e-01
3.938085396161564167e-01 3.195782897006461676e-01
3.270089030656913032e-01 3.071802829418506797e-01
3.428338904566463619e-01 3.041624590666773820e-01
3.281727110647978396e-01 3.014515423147473006e-01
3.673771820468169080e-01 4.466560919900769977e-01
3.725291049859007497e-01 4.205438316368285134e-01
2.186961134929921724e-01 1.639218256551287223e-01
3.706495484909537730e-01 3.343838243876709471e-01
3.292248103790986202e-01 2.346950239837122254e-01
3.554702183824074990e-01 4.030444585938949276e-01
3.934241387211696583e-01 4.332473462222697913e-01
1.900592427202774382e-01 4.726345422992920403e-02
3.744652932895281006e-01 4.315440424057865321e-01
3.211869862869872749e-01 2.648224433904975972e-01
2.433684607957349588e-01 8.388836218974127235e-02
3.560441469484421639e-01 4.157325197232919489e-01
3.529563034852178371e-01 4.165302180363784634e-01
2.092690429715805822e-01 1.097766806994058403e-01
3.571759080240948792e-01 3.901135324776235369e-01
3.633229343933925826e-01 3.808407039367895375e-01
1.674667925181101136e-01 3.768396983197617317e-02
3.456288253116780451e-01 3.718746359049018846e-01
2.108083535171727252e-01 5.442435761399963545e-02
3.670918314800442062e-01 4.594762840805120541e-01
3.403103361704591379e-01 4.377351385280105478e-01
3.541923257377321832e-01 4.156788541829181116e-01
3.856028369412768386e-01 4.265759777741834902e-01
1.934612205307327804e-01 2.672769587148744741e-02
2.396388799111983936e-01 1.088290374512668329e-01
2.048763120566550466e-01 8.397118891682645025e-02
2.741509842697417154e-01 2.370097444528224406e-01
3.670618258820328439e-01 4.400425381764817012e-01
3.523732613359497057e-01 4.289132934352842264e-01
1.863693062839714143e-01 2.523834704646550631e-02
3.896833700829960279e-01 4.254476490964827495e-01
3.119318781202918278e-01 2.287402714253770897e-01
3.894007671457903053e-01 4.543924098064929806e-01
1.663643253446057957e-01 2.065727820808195905e-02
3.715881300625443195e-01 4.523685399502254123e-01
2.121493732968607049e-01 5.515498766113004214e-02
3.716172396467622430e-01 2.902285254569989537e-01
3.643734533268211950e-01 3.876218666112694611e-01
3.594100143872795416e-01 4.368179151369955826e-01
3.109711109159774556e-01 2.735783303876141992e-01
3.743698762462883689e-01 4.280626450526145432e-01
3.750851107630156500e-01 4.368429897058797029e-01
2.208764483458990624e-01 1.044238441868729494e-01
2.636745994007663185e-01 1.213841298315390810e-01
3.425927036429377015e-01 2.092094689951438380e-01
3.563476482137297729e-01 3.799661610689580304e-01
3.920527158347685281e-01 4.444680859562645248e-01
1.969446115197065195e-01 3.880493635106584821e-02
3.064121625430249463e-01 2.461168234599591387e-01
3.397838954911750475e-01 4.294293071246385041e-01
3.622004962404188344e-01 2.553026780250127747e-01
2.391977088862373424e-01 1.474505079718203548e-01
2.938148370555110356e-01 1.597515740369368498e-01
2.131226111369536602e-01 2.307567010057159224e-02
2.548975162637208691e-01 1.391969587339455805e-01
3.953923424414297894e-01 4.614397834643467200e-01
2.303400822883469312e-01 8.694395832184290129e-02
3.750285844207252861e-01 3.486353537581630135e-01
1.620199242568174103e-01 -5.883654467787084556e-03
2.034170422392449218e-01 4.175572757206447855e-02
2.883323092053550751e-01 1.872313508689329165e-01
2.087833950352276091e-01 5.612592914679478961e-02
4.030843784647099581e-01 4.075004199515804282e-01
3.455666920819343013e-01 4.099748297846330658e-01
2.279044170440815142e-01 1.199239299633759609e-01
