1.793084047605350284e-01 3.035076075653577246e-02
1.780739660339518138e-01 1.059301438204090021e-02
3.457508041568270185e-01 4.042791246978328923e-01
3.538802782794197577e-01 4.209125265538216643e-01
1.732015027807317642e-01 3.089721380478368043e-02
3.834069997645732641e-01 4.249666974762646432e-01
2.254481330779743720e-01 1.489024047146579946e-02
3.852200192971524384e-01 4.710279704716551219e-01
4.234005650059308734e-01 4.409663865562998275e-01
1.802643494583395789e-01 5.250412715796864971e-02
4.051482856185905645e-01 4.529965905573180573e-01
3.847906334488380709e-01 4.315154295838428689e-01
3.358802341304447658e-01 2.298373442278694723e-01
3.343144832038276726e-01 2.898601233336546290e-01
3.984985969866905453e-01 4.360018940723955905e-01
1.743706137004914780e-01 2.336947155050578609e-02
3.099401434944398237e-01 2.418126494572150620e-01
3.748654633827509519e-01 4.494808324289605861e-01
3.954271023454625222e-01 4.564895068408907908e-01
2.258404057821143951e-01 9.584080158079136269e-02
2.014036122759973457e-01 5.106783534878266140e-02
3.729818817933451269e-01 4.054242990619710829e-01
3.801775180049553060e-01 3.278857479242650586e-01
1.889002148216570309e-01 5.939468210591902775e-02
1.791811145344702483e-01 3.883734729016320719e-02
1.866940536389184446e-01 2.215175659051875703e-02
1.651198423310468177e-01 5.817999841906557057e-02
3.068209414892753006e-01 1.947011878971049437e-01
3.834447996056635777e-01 4.587030742779420467e-01
2.183017920373168663e-01 6.781807141537843364e-02
4.014454705684182279e-01 4.302453149634354324e-01
3.723115100538421651e-01 3.978682670100499030e-01
4.142880882004780219e-01 4.228769116760125457e-01
3.455519375566925566e-01 2.530574114204828251e-01
3.536147002740618328e-01 3.916268783070755988e-01
3.983131781965510987e-01 4.723570315027530442e-01
1.997089639023612029e-01 2.328544512522841628e-02
3.886447403625635233e-01 4.358205973980397441e-01
2.693527858266501207e-01 1.010918986771955491e-01
2.081682625237264439e-01 3.911032044173230748e-02
2.453886600853942834e-01 8.747458149788477078e-02
3.631132863456660309e-01 2.584352093695210795e-01
1.772598063141142266e-01 3.342070926613162352e-02
1.464800153842181485e-01 3.876149585942970099e-02
3.808336583774464268e-01 4.918898960621526650e-01
2.224281911915699239e-01 1.202874141740632036e-01
1.992768786535723535e-01 6.734730541277637872e-02
2.152915228349975285e-01 4.517035607058722535e-02
3.933482059605866166e-01 4.346425159139415961e-01
1.923719879969283952e-01 6.420258966422186242e-02
1.672672230445225172e-01 5.360271968445738666e-02
1.613811390145144520e-01 -1.687249876004011731e-02
2.170096146816637428e-01 5.718910682087313679e-02
1.729610966137628547e-01 6.224687503329370819e-02
3.862670314843975050e-01 4.083847296025468476e-01
1.620075122650121158e-01 2.872705893547445113e-02
1.832619739731972397e-01 -2.338179423873820717e-03
1.537977861464068507e-01 3.102105367923789839e-02
3.259649527100301203e-01 3.688813741162305093e-01
1.798926622879619686e-01 -8.460292289400768440e-04
3.787002705678287340e-01 4.689578980717313272e-01
4.038257108013869612e-01 4.448981818010948053e-01
2.685786774408611688e-01 1.919254634212405886e-01
2.062089930484425626e-01 8.379047475624901153e-02
3.627040277495172105e-01 3.416410801851885726e-01
3.963645885406491542e-01 3.051977941221997725e-01
2.162022462789026100e-01 1.057041771909919686e-01
2.950585720089711206e-01 1.512980388990963487e-01
3.790513225866631863e-01 3.679384514038964160e-01
3.592336597784352437e-01 3.656523689341864003e-01
2.024827670327599694e-01 5.711766208800569955e-02
2.038921345253051076e-01 6.402655681642561991e-02
3.932275285975039836e-01 3.865443794875448869e-01
3.885118486406321514e-01 4.054027267585493810e-01
2.420737503699979531e-01 1.069095166627782728e-01
3.488597464015167904e-01 3.829051813217100864e-01
2.009213418363149373e-01 1.181619245392355882e-01
3.571227578305712358e-01 3.761443717237002438e-01
2.137706113861644885e-01 3.287244550793352871e-02
3.747324932202505954e-01 3.162957438500300089e-01
3.580723288942257998e-01 3.969926379888015222e-01
3.969624665995890034e-01 4.450222616221792271e-01
2.237991964330551253e-01 4.834799709336448648e-02
1.851162538547950487e-01 6.870175995826016679e-02
4.128896981099676733e-01 4.677509970529332151e-01
4.058455037208891225e-01 4.387347726232778133e-01
2.015134488557368819e-01 3.128768242400227495e-02
2.019175377190930432e-01 4.518166612259942594e-02
2.500357931997955196e-01 1.080088143684577034e-01
3.664079069032485925e-01 4.355736226235267794e-01
3.769230701505647541e-01 3.826686103854178289e-01
1.410696515606162660e-01 8.857997783578364787e-03
3.733522453409445774e-01 3.816868114244976185e-01
1.674320487075042219e-01 4.676713708760951715e-02
3.986447362470255662e-01 3.852076751238183716e-01
3.749245087519229025e-01 3.893718506476991914e-01
3.769974714269099247e-01 4.346372213382944660e-01
1.750073329135169442e-01 4.074511371824310335e-02
4.069617261539076325e-01 3.330846748293747051e-01
3.053675168917050486e-01 1.891153346483945841e-01
3.861655196072999452e-01 4.332978851109320906e-01
3.872052241407571982e-01 4.582221536220734692e-01
2.516049397026206558e-01 1.454035842717792681e-01
3.840295817570463788e-01 4.367560479831819609e-01
2.172486711635501222e-01 7.055344976325862716e-02
3.871396890648947098e-01 4.316985427303177691e-01
2.229426678066646350e-01 4.766034064137283921e-02
2.589870442415574958e-01 1.191067035624789744e-01
3.438687445552817690e-01 3.127391298924684371e-01
2.970876632541527007e-01 1.627915640280250265e-01
3.762961512908180595e-01 3.901264607818490382e-01
3.664594452640177469e-01 3.445273464617885639e-01
3.339544683325991192e-01 2.620856950041727251e-01
1.767974109173394703e-01 -6.089384006836739277e-03
3.943719553250719101e-01 4.567382751995053281e-01
3.946006724605534144e-01 4.638347794558773662e-01
3.755619612207229951e-01 4.042491889402650140e-01
2.370220337523489262e-01 6.194239675727754302e-02
3.884947488567638274e-01 4.392339332120664408e-01
2.304725967303776213e-01 8.025449081292146403e-02
3.763094485458479688e-01 3.941879660011310960e-01
3.150990434089184222e-01 2.375761227992579105e-01
2.346726585090274653e-01 1.198745749829114443e-01
3.990999678017254082e-01 4.541204602753378672e-01
4.420426115450222793e-01 4.278444114529054154e-01
3.874255198637097664e-01 4.181089926705993665e-01
2.131443572428129707e-01 3.935113325840494669e-02
2.375827135778844634e-01 8.389058497412477111e-02
2.721609081218621662e-01 1.371437346661752710e-01
2.266180336121440542e-01 9.796212190120225094e-02
1.466306518708215822e-01 1.660307355175682023e-02
2.081192484290747546e-01 1.163007193738692241e-01
3.904202467591819659e-01 4.360353348139316410e-01
1.860929609442361632e-01 1.789073906819765858e-02
3.698465227038447711e-01 4.201569921227054083e-01
1.752234904652441583e-01 2.346956232599684000e-02
1.566063215455029689e-01 1.960539574738250079e-02
3.695774068078424568e-01 4.006680497198288893e-01
1.813957371316409217e-01 7.265806839522227778e-02
1.815892191109274023e-01 4.886177110488360009e-02
4.110246510987491941e-01 3.922413025454094537e-01
3.504569802456536376e-01 3.148698025061884009e-01
2.246425890674651482e-01 6.974278317337814781e-02
3.778818426822354581e-01 4.253587282318156970e-01
2.335994124659121485e-01 1.023471351808274837e-01
2.617452757694027632e-01 1.286305640003169715e-01
1.714945708772606936e-01 2.573703738049010550e-02
4.138812239916090929e-01 4.372308682369243082e-01
3.883491522467725776e-01 4.308084640126610410e-01
2.019995914688046956e-01 1.777500407256605783e-02
2.239691906360300466e-01 5.099300174912504979e-02
3.282652663876873822e-01 1.902516122384627362e-01
2.017631506206765679e-01 6.406987091586045791e-02
3.935976000364717620e-01 4.712412352747162303e-01
1.533642794607137649e-01 2.409732073474309469e-02
3.716004717294251747e-01 4.385636065248280646e-01
1.800546249880240479e-01 4.927432576432920486e-02
3.770194112372151629e-01 4.578384250098317954e-01
4.466261171937798702e-01 4.154125115742129393e-01
2.219099446881551696e-01 5.839874438295028503e-02
2.776822860269430038e-01 1.185892581353108072e-01
1.833471073283038932e-01 1.027294863195229654e-02
4.310974771332061195e-01 4.106431098125145063e-01
1.685443550021992198e-01 2.880873086360459176e-02
1.969355854192463839e-01 2.351429014101612605e-02
3.703215619950223636e-01 3.761899115072334654e-01
3.709401538942928567e-01 3.946768160702143757e-01
2.066708867770049585e-01 7.651652895950454558e-02
3.715060788278690129e-01 4.456471886805194460e-01
1.925176083754899792e-01 2.725001282286127965e-02
3.634876012202866713e-01 2.830200167473088668e-01
1.775223081684166038e-01 3.335469022656525895e-02
3.074809156051737657e-01 2.136574852929880308e-01
3.292952358263599999e-01 2.179016841965520646e-01
2.614418723323884697e-01 1.312130652508192996e-01
2.994703794348192449e-01 2.362827078401639469e-01
2.045253056589738105e-01 7.683493646743008720e-02
2.586644432687524864e-01 1.271992251803835128e-01
2.060801444886549150e-01 4.910307812116132542e-02
2.518708114223197070e-01 1.354440831528166966e-01
3.831465225100436078e-01 4.019053083569233409e-01
2.439863964787954975e-01 1.154800403849869511e-01
3.641923123945512986e-01 4.411550576719651118e-01
3.828188804737012729e-01 3.945676443029116354e-01
3.987598358393135145e-01 4.259657016056632717e-01
3.522279088884692211e-01 3.889966240964052302e-01
1.627984577739935157e-01 5.713621657472356397e-02
1.974554611529049652e-01 3.988456836653792026e-02
4.039531804904465950e-01 3.794981318037611850e-01
1.719122270795088725e-01 4.254097667264730709e-02
3.695428255192877431e-01 4.221455806954887424e-01
3.845361909727147975e-01 4.408461455105311955e-01
2.265744576505872576e-01 1.253141249732203921e-01
3.930127118477795278e-01 4.270446196535389038e-01
3.486394740536986614e-01 2.817510380575495299e-01
4.052980989583552796e-01 4.362173732019286043e-01
2.553754319784430904e-01 1.277866751082063212e-01
2.196442935569932198e-01 3.837576574776130345e-02
3.813315042577120062e-01 2.956463085458901907e-01
1.615778210403744364e-01 5.502984923437110459e-03
2.260380796666554559e-01 4.090677670297215851e-02
3.430691726088347382e-01 3.869475927042730912e-01
3.712565856018935628e-01 4.359738061516884589e-01
2.171708192056245323e-01 6.601729143917774156e-02
2.361152180424993530e-01 9.671118623304596207e-02
3.046606748521168417e-01 2.431552556801224174e-01
1.649355273554343748e-01 2.840302157020977228e-02
3.684423159468462328e-01 3.702294001165430393e-01
3.496221150041274317e-01 3.977108361129482739e-01
2.881986391825718252e-01 1.849262032325872385e-01
2.221566533601714855e-01 1.070320585762963989e-01
2.132047818135862638e-01 8.122681419975437411e-02
3.860668761804102456e-01 4.558387568227905695e-01
1.726891719897087341e-01 9.703658412674238953e-03
2.128141375536806157e-01 6.775017166587044004e-02
2.231076558583588443e-01 3.571084756715475761e-02
3.861055000807116500e-01 4.097961403095934374e-01
3.834409901134309129e-01 3.793620478866269186e-01
1.424781226807460277e-01 1.214992508623677706e-02
3.647386418772086136e-01 3.300819560375725659e-01
1.509094370985699929e-01 1.193898882148815635e-02
2.137660057826685223e-01 2.736696425706769756e-02
2.049837043003785164e-01 5.432624338234268158e-02
3.195171393608629007e-01 2.640378413265449531e-01
3.878434851782255333e-01 4.516656009418413276e-01
1.876794197191685165e-01 9.249880027980762753e-02
2.024552281557140954e-01 7.793811606341607967e-02
1.812854704137951689e-01 3.086908893194214090e-02
4.091825536429378740e-01 4.468234774753470084e-01
3.929935114284435205e-01 4.291385056794184139e-01
2.454539035806304614e-01 1.116646368059951294e-01
3.889585629808048894e-01 4.371216471207182708e-01
1.857136948526127151e-01 3.620267644096904214e-02
1.863826231295490077e-01 4.584139356614400085e-02
3.086203614554644536e-01 1.947200562770358967e-01
2.057099799066910706e-01 5.120436174900641624e-02
4.163954858689764560e-01 4.067341517627369174e-01
3.415215658585263325e-01 2.751816797706241879e-01
3.741155005922172094e-01 4.105905059083443942e-01
3.311547034515943677e-01 1.770186827086024373e-01
3.871767801517395080e-01 4.460887411871790054e-01
3.798416476493297056e-01 4.235656949505909874e-01
3.833332594895106915e-01 4.441703793372638875e-01
1.909509032324538391e-01 1.169360544778426797e-01
1.852001782502630256e-01 8.424620628944064216e-02
1.671940829678901230e-01 -1.689529886348249341e-02
1.897299506579073203e-01 3.724198548886827054e-02
1.465652934954347897e-01 4.587258918865544377e-02
1.546250239145932626e-01 3.774650835831210721e-03
3.393747158328218605e-01 3.271462557044642616e-01
2.125005383135594728e-01 7.510636792004939111e-02
3.877179856477822040e-01 4.619939565566416606e-01
3.737711386620093945e-01 3.680051118270760147e-01
3.620035726792987241e-01 2.641119414327609549e-01
3.741466556148195788e-01 3.947745605383637946e-01
2.158176097558525131e-01 5.064509624112970010e-02
2.195787724831954613e-01 6.639366083330837387e-02
3.735450349796818337e-01 4.234032128470539003e-01
2.141570083511954992e-01 6.577468030844230151e-02
3.872934621797676780e-01 4.486677224439790113e-01
2.011595810292506337e-01 2.914721198730042470e-02
1.762036839624243068e-01 3.404326104096067063e-02
3.814495364287526780e-01 4.634500865557174554e-01
3.265844983192091044e-01 2.340236168495352653e-01
3.899470829652150750e-01 4.345119760936717035e-01
2.052395077389340683e-01 5.401237701816026526e-02
4.031975383689199166e-01 4.063801007706255297e-01
3.531922961957868479e-01 2.755187674046818969e-01
1.727014184595840329e-01 5.620748261465254025e-02
3.867357010134406803e-01 4.183894620544182374e-01
1.887223530132899896e-01 -1.753171166558293095e-02
3.836564194474653688e-01 4.571030694740078615e-01
3.734962388216254703e-01 4.260083775105232839e-01
1.963092567678739186e-01 6.714155059790841151e-02
1.792652149302222386e-01 3.621351397152811069e-02
3.935587594370065778e-01 3.693202136951939107e-01
2.931499170905205176e-01 2.182034302245678403e-01
3.079535862720335082e-01 1.796671831087519322e-01
3.578456838736532308e-01 2.755785431066850033e-01
3.997744627816662288e-01 4.292387185065821842e-01
3.825526270821819619e-01 4.350904873666720518e-01
3.776425946594726968e-01 4.059563555208704488e-01
2.313893950960398127e-01 7.578189018991002279e-02
1.999153597252224523e-01 2.744091170754336603e-02
1.718487759873724985e-01 7.145892152062197078e-03
1.429622515584807185e-01 -3.575846402521261347e-02
3.764111395464806442e-01 3.899217856266528615e-01
3.875340329827189345e-01 4.731729579586693712e-01
2.381070893735863780e-01 9.548687455346842323e-02
3.857395127078278030e-01 4.122070387584529372e-01
1.705129046869092169e-01 4.029498446622745145e-02
2.124213357735923458e-01 1.041706205079270670e-01
1.986221858547276564e-01 7.985502392191266841e-02
3.827462849692130353e-01 3.940888410972782641e-01
3.714648172919285951e-01 4.493242837887734265e-01
2.506740598720972324e-01 1.345298851247902772e-01
1.828784316428311851e-01 6.403733433230000827e-02
4.039750990268005104e-01 4.048553956959891065e-01
1.612248593434230659e-01 4.772818357558585023e-02
3.698259398948103849e-01 3.427318206412824364e-01
3.853827838762402536e-01 4.211192944753026079e-01
3.921058693584784094e-01 3.998695359237507407e-01
3.265413030733771427e-01 1.798878308151109218e-01
2.612968682115358598e-01 7.689509621425810737e-02
4.026975035477843856e-01 4.768626891574624937e-01
3.663572451453299683e-01 2.971621575704318508e-01
1.886320094042353013e-01 5.003215793229155717e-02
1.725488285753026263e-01 1.272786767400068547e-03
3.745059658869669406e-01 3.667161656619434829e-01
1.937391038270185328e-01 6.443738767677831963e-03
3.357440344502460872e-01 3.892706932534550912e-01
3.934609421931746787e-01 4.051337749913808128e-01
3.849713015885092293e-01 3.648036905178450029e-01
1.535187437382956599e-01 3.862488851524045752e-02
2.005904241579750669e-01 1.099049050552009382e-01
2.401564390343194910e-01 6.731789127840875908e-02
2.035250224769935001e-01 3.308508487297517897e-02
1.301400061024507171e-01 1.761813516515808170e-02
3.765869939537738187e-01 3.995646370897683597e-01
1.504645842086324292e-01 1.683382820889303341e-03
2.265118731480108005e-01 8.073820799218023314e-02
3.347945466845181905e-01 2.478495577933359229e-01
2.525083607216903614e-01 1.049895976986952723e-01
2.035886411849643363e-01 5.148337038096056917e-02
4.095156460167517221e-01 4.319518219834191930e-01
1.764083496356025627e-01 4.011066393171881794e-02
3.970155800547372493e-01 4.634504761362502889e-01
3.256363772096355080e-01 2.066206233876501097e-01
1.538205115247346377e-01 5.128831394620972373e-02
3.842873502040871081e-01 3.747238352309319454e-01
2.228990237853735179e-01 5.439651203826791070e-02
1.806297631601952447e-01 2.880609341902226964e-02
1.860522747733751592e-01 3.212855131316663670e-02
3.920776824374427316e-01 4.519111172664890819e-01
2.957623867432481735e-01 2.024493361850032980e-01
3.864080641866501908e-01 4.372366033857089662e-01
3.660877749750599541e-01 3.928066694540560122e-01
2.356218558502466420e-01 8.513203447968577253e-02
2.236639178270224404e-01 3.840949385277329930e-02
3.878487486591115085e-01 4.158021979451099193e-01
3.869659248355166170e-01 4.338390844430636828e-01
3.789438610275338570e-01 4.075658426038884508e-01
4.007429127890662079e-01 3.003335790007336525e-01
3.333147748343793237e-01 3.156134738220715552e-01
3.915794553261583433e-01 4.313702903115528287e-01
3.994690894377047607e-01 3.924652069162502532e-01
3.325689106529877703e-01 3.717241682809893089e-01
3.865543281743368254e-01 4.160648237793179716e-01
3.092364816036547448e-01 3.129613215853337405e-01
3.831330205422474044e-01 4.089959581696779867e-01
3.677426355018670323e-01 4.193560109817388581e-01
1.786010858298555659e-01 3.834810203818711169e-03
1.667719430122011626e-01 1.806275736780365085e-02
3.690915404739343320e-01 4.614400024340276629e-01
2.291485555421791942e-01 1.053846244040887170e-01
3.916288944559989105e-01 4.657237693713771609e-01
3.684477136079394310e-01 4.365029312598981970e-01
2.348690257970109663e-01 6.684320209488003872e-02
1.599034743165176076e-01 2.155438796196134862e-02
3.811470324274915944e-01 4.568338791434027879e-01
3.762960552611472331e-01 3.732648771725586845e-01
2.347984603191247133e-01 1.113048191876974680e-01
3.609853035535335875e-01 4.213109687532560765e-01
1.822236379961623132e-01 3.507388652567422493e-02
3.802058249846609339e-01 4.372756202905321854e-01
2.282035652688662042e-01 9.693430975936277727e-02
3.907249263292529307e-01 4.252428865154133097e-01
3.703053723166852551e-01 4.529467292589358651e-01
2.205984192394799814e-01 6.571417180807093139e-02
3.795109163384714490e-01 3.869466927419156210e-01
2.448028681280692287e-01 1.903542834051705490e-01
1.958288770117004307e-01 -1.512383277260560821e-04
3.490161025393646588e-01 3.501817055648775434e-01
4.030901263704833593e-01 2.302101837575621091e-01
3.644084273532088858e-01 4.311854871056804428e-01
3.712205078978896289e-01 4.459015113548155385e-01
3.713972273547618830e-01 3.730954018177486953e-01
3.694426156307342168e-01 4.082465032936367089e-01
2.059194975108384895e-01 7.411604022159984373e-02
1.541105466330021934e-01 4.193168186569731781e-02
3.709049244957677294e-01 3.639649809158542748e-01
1.668698133443056175e-01 2.581273384959406961e-02
3.452186685604941019e-01 2.931297016365664310e-01
1.780008038667095782e-01 9.446560132186616887e-02
2.322601395821773940e-01 1.006249336945715528e-01
3.847928729541691961e-01 4.796593485934723122e-01
2.650771885926354043e-01 8.337761048200094394e-02
1.903948705367293215e-01 1.036450919383463398e-01
3.380435023587577970e-01 3.296420819864670504e-01
1.731703136492230011e-01 5.060133262098176488e-02
1.797438859933791211e-01 -5.700143529588041352e-03
3.853586516301181764e-01 4.245066998733188490e-01
4.032568812718927975e-01 3.683334701908960729e-01
4.376523936869344267e-01 3.867677123663812999e-01
3.558676046415727434e-01 3.220519996402332885e-01
4.024575257207819168e-01 4.687919089739381318e-01
1.643996605413132195e-01 -9.080176802771289246e-03
3.891363408803863999e-01 4.789776373043190261e-01
3.484964368628029607e-01 3.938902158221290195e-01
2.500053097839443073e-01 1.371165910306486324e-01
3.792741802937475981e-01 4.188543495924928473e-01
3.830981137093286693e-01 3.125930725552821809e-01
2.009253095996044736e-01 7.505493342202908258e-02
4.151407705463616704e-01 3.479912814122940179e-01
1.776644195526769776e-01 3.022492684810037036e-02
3.561034499920510132e-01 3.968902431424995991e-01
2.074472526439486986e-01 3.116844262024399612e-02
1.748405134613765788e-01 5.659012256014823994e-02
2.531426755354614921e-01 1.078762066442056911e-01
2.574083760929424258e-01 1.753639703418710116e-01
4.085934459476887048e-01 4.413112974320572146e-01
1.649829682887249405e-01 4.386958619871976495e-02
3.709575068691278732e-01 4.374973149668195949e-01
1.618092199908455764e-01 2.466928449508130200e-02
4.015283180074091796e-01 4.254389595060752982e-01
3.806384944309236795e-01 4.089258876254678876e-01
3.772339337371173329e-01 4.316930917644374310e-01
3.946524220204890021e-01 4.641518336874809192e-01
3.349649219869360595e-01 2.963762713141064875e-01
1.713828887858084293e-01 3.760470961330396322e-02
3.831923675952407238e-01 4.618359789292225126e-01
3.842582073390700126e-01 4.023054813921604356e-01
1.674010201911745876e-01 5.785053327158727610e-02
4.348783621718738113e-01 3.894466011069624423e-01
4.096301159990289875e-01 4.537642670352542429e-01
2.068137614063353669e-01 9.283768275556086164e-03
2.037620451100294328e-01 4.273272026332032569e-02
2.118106863898513714e-01 5.284029646706017713e-02
1.618987692213096907e-01 1.355208342972142807e-02
2.973908979935697694e-01 2.162838195881341408e-01
2.686387871212311818e-01 1.159551794599322366e-01
3.930118260244878092e-01 4.487000895113816834e-01
1.775902837035741588e-01 -1.845115251031072268e-03
3.446731602281946638e-01 2.105082536440885665e-01
3.626688017437454392e-01 3.647412480814670732e-01
3.746507154151393904e-01 4.717236007858221503e-01
3.780644677187972036e-01 4.205325860018565010e-01
3.944052017606616278e-01 4.449589148688274931e-01
4.026379666243011801e-01 4.030312650654291895e-01
4.054120309841060532e-01 3.529624180964593960e-01
1.602296205758549086e-01 3.690758487891267203e-02
3.947654313379977964e-01 4.444386205562110281e-01
1.696940215466699042e-01 3.776528665136807961e-02
3.943099702491856817e-01 4.310364869043311065e-01
3.668506001226986557e-01 3.877297126427254881e-01
3.801806399145897242e-01 3.706863091757389150e-01
3.725797329671863833e-01 4.389305705012523928e-01
3.398940083318630623e-01 2.395710176063670926e-01
3.073008335720059936e-01 1.940432384818827904e-01
3.460497018984185491e-01 2.523240055624808575e-01
3.595024263458772573e-01 3.200835036585688020e-01
2.361851049995638552e-01 1.378631918694744607e-01
1.818139405958331678e-01 4.858476240556222625e-02
3.379463359805446876e-01 2.690093977428673067e-01
3.968473944658412744e-01 4.444826672047778593e-01
3.684600347804651288e-01 4.164371253402703865e-01
3.527177930028178032e-01 4.119874418123866122e-01
3.254953351726088684e-01 3.929538435180856548e-01
1.506726224135153114e-01 -2.714221508655903503e-02
2.776897480379180161e-01 1.216167393994824070e-01
3.209659084650776650e-01 2.309165291841175915e-01
4.026246799872421622e-01 4.007896669925528621e-01
3.991470562854918525e-01 4.513688722155579369e-01
2.123419749724539396e-01 1.062232300881224417e-01
3.447235702855632189e-01 3.780517015860098140e-01
1.753785136620022445e-01 2.933963855896375497e-02
3.667031067120734011e-01 3.625442193983549610e-01
1.771950540007299346e-01 4.795896735849096426e-02
3.594074748688195209e-01 3.949337257414504143e-01
1.997987544391204850e-01 8.269183085985973292e-02
2.041559889436141417e-01 1.595617347840606881e-02
1.874289576554654113e-01 5.794073292958071275e-02
2.261939868199527304e-01 7.496840805147612918e-02
3.873597103870262681e-01 4.333988682680719462e-01
3.901134671597824566e-01 3.086509073187750363e-01
1.890760693408764237e-01 6.727594339933375134e-02
3.782699380205951645e-01 4.259140520686967579e-01
3.858165426054063207e-01 3.515988358661055746e-01
4.292066940598056046e-01 4.138808925389945159e-01
2.023642453531137864e-01 9.718636934783236175e-03
3.625490885253749296e-01 4.332389586372154544e-01
3.935085816603531850e-01 4.282641636130007368e-01
1.780284554371307504e-01 5.252939978323974135e-02
2.368572523574984379e-01 1.595097747120836906e-01
3.717472452011008066e-01 4.034199922884728617e-01
3.827557394006935176e-01 4.233913797989607430e-01
3.095025851783007598e-01 2.561728465591905368e-01
3.752706930339505531e-01 4.160936930284595547e-01
3.923307669114857732e-01 2.822393971299093085e-01
3.868615650858211463e-01 4.472522484248901975e-01
3.735896603720946230e-01 3.905193829001435968e-01
1.834584235286400022e-01 2.326905718572850820e-02
1.834486078610279569e-01 5.544953398542229461e-02
2.534398707056705891e-01 1.042996404345559597e-01
3.700860039491157272e-01 3.781562908362710584e-01
2.197039312411071810e-01 5.672918110451276308e-02
4.172777886531869873e-01 3.624266698740727377e-01
3.509104747057069096e-01 3.870129101737095900e-01
2.070354468369028922e-01 2.884040887967883118e-02
1.883603893801515106e-01 3.563053066839937111e-02
3.167290379593705740e-01 2.911453246465343092e-01
3.806938152762621153e-01 2.873994694712667108e-01
3.752732805269808902e-01 4.392138357273902005e-01
3.709410783788191779e-01 3.619004179078230687e-01
3.954614926063853009e-01 4.402601532166507958e-01
1.964059172699266220e-01 3.258357176682365186e-02
2.806611412409016904e-01 1.957916304007138175e-01
2.175486831833657597e-01 1.204922420070421857e-01
2.645623202376417016e-01 1.862211503633262877e-01
2.046817748251451574e-01 4.996835236157465276e-02
3.688276639313832206e-01 4.072479465257871634e-01
2.510347319482567063e-01 9.831591271637056539e-02
3.802836192652698233e-01 4.767016726062594523e-01
3.870302878197359187e-01 4.169338300847639234e-01
3.585593646375102583e-01 4.543538555556985714e-01
3.603544926969857176e-01 3.823429625230636009e-01
3.733228798833673201e-01 4.206581993372631723e-01
3.615977173633084796e-01 4.022216103138583354e-01
3.043803896236343398e-01 1.747165101508913188e-01
3.955914667188275557e-01 4.695267526934923663e-01
1.814282870799045488e-01 1.607606286101831428e-02
4.227810173005722150e-01 4.350517895309770622e-01
1.816318126837337954e-01 -3.700653949467277298e-03
1.983834064889591908e-01 3.993091724138726761e-02
1.870085289121192762e-01 4.064588537164641469e-02
3.965058020727863508e-01 4.194450700442237667e-01
2.450195581016817448e-01 1.034753210081525016e-01
3.901182987243422828e-01 4.452264510821045129e-01
3.639220854252259718e-01 4.420121557153846581e-01
1.659473548283260380e-01 5.235466228703324065e-02
3.968830173570092046e-01 4.677484518788337375e-01
3.895333285571576099e-01 3.885792961058071038e-01
1.826969674666935606e-01 -2.022393800281432202e-03
1.617087120411887513e-01 1.990234746943933195e-02
3.622679328779932484e-01 4.281041274252347928e-01
3.970928636587448546e-01 4.312703753515315097e-01
3.832065196355780023e-01 4.364119471497378555e-01
1.852811582748308816e-01 6.949876649695997666e-02
3.147456062426825518e-01 2.080494971798149406e-01
3.927965994517521597e-01 4.565522824810721025e-01
3.164831706095208030e-01 2.121808388411629276e-01
3.762393598160260755e-01 4.664081674098523589e-01
3.812486980936412584e-01 3.883640913432879205e-01
1.659870336859633755e-01 3.328067480884770724e-02
1.436774642305661820e-01 2.908909525805715782e-02
3.680013299720172881e-01 3.767007771895418133e-01
3.958147089371270022e-01 4.762490981816101532e-01
3.724888211617576328e-01 4.464495534822441880e-01
3.416353427648695096e-01 3.911428833896135049e-01
2.004701334855434891e-01 8.618300435194269082e-02
1.890427262158566879e-01 -3.536398443212025733e-04
1.432098962379267926e-01 9.671590971692376609e-03
1.967213743784620161e-01 5.436865342316415939e-02
3.797609855926495359e-01 4.692070120132630917e-01
4.312700612408487677e-01 4.228379222186600672e-01
3.887949880325005658e-01 2.724836759575847145e-01
1.772462318438587370e-01 3.150942140639394207e-02
2.576634097858435668e-01 1.461105884473250793e-01
1.695562144799797610e-01 5.736927703227027997e-02
2.847327464945537123e-01 1.724719717725494428e-01
2.813402358618929955e-01 1.753627332391607674e-01
3.956580420823286870e-01 4.118161429858250844e-01
1.160727564248110882e-01 -1.850077367698046288e-02
1.740174907403916338e-01 5.832413282771713170e-02
1.618066674988695441e-01 4.321169482887590729e-02
1.694073241982665401e-01 4.491373262755091189e-02
1.652298570549053380e-01 2.453569979011060651e-02
1.681068425180979320e-01 8.768998535685513379e-03
3.872337521074714628e-01 4.115764355988313916e-01
4.208552405682055575e-01 3.524645581330110855e-01
3.448674913766131556e-01 3.438936296125044145e-01
3.680509365512955045e-01 4.746421041996139456e-01
2.009179362647338096e-01 5.088400293667795504e-02
3.761868230159806092e-01 3.882739204328531923e-01
2.045836663141252232e-01 9.185729864185242233e-02
1.812178678644767171e-01 1.008326716071511822e-02
1.151933776224284833e-01 -1.382162486049323159e-02
3.484265968860531526e-01 3.177458035826638549e-01
3.764703269629718907e-01 4.461987873457020637e-01
3.981747746911687980e-01 4.591941043080483564e-01
2.007648058400409441e-01 7.607864167387855259e-02
3.405490292700168453e-01 3.772086403043831138e-01
2.518974958989836366e-01 6.548608432307979899e-02
2.943188840841548526e-01 2.144903256167707828e-01
3.761813952611405831e-01 4.507987176737700552e-01
1.792701481706989175e-01 5.547281217067498438e-02
2.501036055004148273e-01 1.054749424429154425e-01
1.971117190691134557e-01 4.990741882558313858e-02
2.573595880548134596e-01 1.429976936794174758e-01
3.099098877655582784e-01 1.855927847621361704e-01
4.131874008120988151e-01 3.580119887891414221e-01
3.353572916659362524e-01 3.535193310038506342e-01
3.875861103878682212e-01 3.965517591560582811e-01
1.657826146206425877e-01 3.758982475549202396e-02
3.767951609878867902e-01 4.407745843302099398e-01
3.306525679263083717e-01 3.772282552000792433e-01
2.935896021618064067e-01 2.055751483494855647e-01
3.699200886370797026e-01 4.255536149713406435e-01
1.786928219248969940e-01 5.441118550603192550e-02
2.078276748828504772e-01 5.071108530011296522e-02
3.798692340336604634e-01 4.181657988264473880e-01
2.392171245819608161e-01 3.685660758221048772e-02
2.010164541585253706e-01 7.882485676801317953e-02
3.830008991073487468e-01 3.953407931886510629e-01
3.941939895440709218e-01 4.154588874123908426e-01
2.519599705317525640e-01 1.186562432581512033e-01
1.561575847377686954e-01 2.849795543351934038e-02
4.246188891890754213e-01 3.915923266371630906e-01
2.922767081173259784e-01 1.122387751308599191e-01
1.794259631800635413e-01 7.030886858616582080e-02
2.385302124947730751e-01 1.275142394747769969e-01
3.768357840270438741e-01 4.828541262449729810e-01
3.576455086004540762e-01 3.690291467774490797e-01
2.251518664383511392e-01 9.518050718534142030e-02
1.927578001032372590e-01 5.258043586794163005e-02
1.881967472278399667e-01 7.520270996138869735e-02
4.007641422591265989e-01 3.775106198210544384e-01
1.992536518063285633e-01 1.227869993881102254e-02
4.035248488254472576e-01 4.182189863768999150e-01
3.846204094437530863e-01 4.142071038622878176e-01
3.726019685608937815e-01 4.593597747022771793e-01
3.949239661396849455e-01 4.353036187906231813e-01
4.147739563982127953e-01 4.527639767546380312e-01
1.853319921811784066e-01 1.610281168351574213e-02
1.290493263927542933e-01 -6.712196405634755086e-03
2.085821227338882089e-01 6.009024380141374244e-02
3.043545020454149208e-01 1.976056545339461012e-01
1.916827232634013556e-01 7.067525812149619280e-02
1.844480149547542414e-01 9.256782229508521420e-02
3.385476893124638176e-01 3.901595486146640646e-01
3.826211737372356980e-01 3.364682883037399819e-01
2.080998518291046206e-01 5.588582969364706832e-02
3.676740853444254720e-01 2.677023075089873250e-01
3.885100607460102440e-01 4.421481401500249597e-01
3.673974881577165008e-01 2.917097679035803304e-01
1.840377882845994073e-01 1.622078737856744515e-02
2.167554901722089644e-01 7.350712325654282231e-02
1.661637819730040766e-01 6.715588375887387995e-02
1.778376535094247646e-01 4.480910130268114799e-02
1.414869245453154178e-01 1.129452429756133344e-02
3.699629290432678852e-01 3.880884225866612636e-01
1.780177513173216985e-01 1.329619964741749968e-02
3.771542941085577749e-01 3.924806593840010627e-01
1.755619438340299543e-01 2.876213657419506367e-02
2.281314004136296147e-01 9.387097180250179862e-02
3.759208042288797458e-01 3.660031742537102617e-01
3.845497319630757360e-01 4.451329121415097401e-01
2.050055802858175014e-01 4.879122948882634592e-02
3.724828422759046687e-01 3.791170218911252832e-01
4.032538805386571834e-01 4.226288231048750954e-01
3.822478105519431235e-01 4.500672426970251383e-01
3.724944809122270328e-01 3.735997277538299910e-01
3.300202983948324897e-01 2.282426710342844167e-01
3.378497878121391462e-01 2.658570901489355487e-01
3.659978612202636206e-01 4.732189684818228215e-01
1.885596564460703117e-01 4.196792450291440824e-02
2.119663389180740098e-01 5.832027066876636912e-02
2.048007492327910406e-01 9.694845177052074936e-02
3.100732578339631118e-01 2.754996538670149708e-01
3.833476113339475688e-01 2.862660098713808443e-01
1.672497108896861540e-01 1.870695643849552489e-02
3.787596790787428613e-01 4.181864214680034997e-01
3.877193473685160985e-01 3.414159638669463925e-01
4.154409824917784655e-01 3.291284074830344020e-01
2.262340048337763698e-01 8.112938892334067842e-02
3.913148982544678578e-01 4.461614139830317183e-01
2.739677449275452759e-01 1.206369959412242759e-01
3.653014517283342810e-01 3.423412845738739718e-01
1.135799191224110549e-01 -2.244010773017718688e-03
3.968167945800557539e-01 3.884234087757998943e-01
1.736551892619272452e-01 4.848686266721002891e-02
3.832896909654913697e-01 4.537468859832823331e-01
3.886278352836940453e-01 3.980864336873252696e-01
3.544420760588980479e-01 3.684520956267657854e-01
1.586266041529978410e-01 3.922204327333976559e-02
4.024953573389915551e-01 4.501831396844112043e-01
1.784140747492369283e-01 -8.502159701774820999e-03
1.741139850999215144e-01 3.175305064562181090e-02
3.573277053923934465e-01 3.574776910015823872e-01
1.601360013856689135e-01 1.022907495633508176e-03
3.478960839821356732e-01 3.709374475579703678e-01
3.994097309974511401e-01 4.517028598694040054e-01
3.480226740813985864e-01 3.619847710976687449e-01
2.269652651529084353e-01 7.808790289686753927e-02
3.120025866422981853e-01 2.165885169014551970e-01
3.842862355204614833e-01 4.350320781545467530e-01
1.852293731740075056e-01 6.928713948262703315e-02
2.754731181750452729e-01 1.116997860643641483e-01
2.230403375343283368e-01 5.759935681143189823e-02
4.038408128665456065e-01 4.517936501670195004e-01
1.620438107887620660e-01 2.614263478124729048e-02
2.487368716696921611e-01 7.911061081968584485e-02
2.041174590612453432e-01 4.669955331674723042e-02
1.912210553723771023e-01 5.369543112389578432e-02
2.889893517552886149e-01 1.208392515836346076e-01
3.757505892334877529e-01 4.196082002512713793e-01
3.526930080621207830e-01 4.294251165590595165e-01
1.553967099974025157e-01 3.759704733260552101e-02
3.656094801880128142e-01 4.215338803172833382e-01
3.674659109148956659e-01 3.898726470088699769e-01
3.862690881212187954e-01 4.633009190646939501e-01
2.772422311133294626e-01 1.179294039064506111e-01
2.904608116723155220e-01 1.856918827475869394e-01
2.488084263711902167e-01 1.228029718970226475e-01
3.462346761305472587e-01 3.654865811469153458e-01
1.625895675374939287e-01 1.165587999331848049e-02
3.369847138853415691e-01 3.674747696226907112e-01
3.667549382818654502e-01 4.141573633950593192e-01
2.893371479696411619e-01 1.621881485498363473e-01
2.731395865486991870e-01 8.720291860791805350e-02
2.848347369151469355e-01 9.261411449679286811e-02
1.776143420464614264e-01 1.055583129605415504e-04
3.876817655341113222e-01 4.105557108950559364e-01
3.762870631064616500e-01 4.244495056305279124e-01
3.953364572093687190e-01 3.867443793923464601e-01
1.911297386521809138e-01 6.829711786603011314e-02
3.680487669603977885e-01 4.407093713643560062e-01
1.823052028151611048e-01 8.144722387336369995e-02
2.472685577584680106e-01 9.814373074814729259e-02
3.890999025221311136e-01 4.615565423767727382e-01
3.408293324637460819e-01 3.650496849886100681e-01
1.356408000242729506e-01 6.188828248177473748e-03
3.872290817496213400e-01 4.450362349120531857e-01
3.713421916623549368e-01 4.466444063392017161e-01
3.816171066998524930e-01 4.381833765098537281e-01
3.419798832080259143e-01 3.697814074820265362e-01
3.737320753799978634e-01 4.437394404239204948e-01
1.363744952057520665e-01 4.057795550587088573e-02
1.904680994022457385e-01 5.201352649772507386e-02
2.005694381013643501e-01 6.315987780286877462e-02
3.753317289227244835e-01 4.745201471187440179e-01
2.870265440510744170e-01 1.881769751051460549e-01
3.482536911869341667e-01 2.574596826435049390e-01
3.963595354958169836e-01 4.234456629940461236e-01
2.948635407055516522e-01 1.473982692406025918e-01
3.716454044992866246e-01 3.733544791247278005e-01
1.463335937119846220e-01 3.075601225228335664e-02
3.462083479493421878e-01 3.197907742665294650e-01
1.900236642677273213e-01 9.514791428017987940e-02
2.068680779970815675e-01 6.283528553075128087e-02
1.698595173493318844e-01 3.259445905038051150e-02
3.566207639847969180e-01 3.529973939028208663e-01
2.741618991669911853e-01 1.423775518548019148e-01
1.729296391101000641e-01 2.410280771220011178e-02
3.554054961636579080e-01 4.194148052620249589e-01
1.940505093472563169e-01 2.123622407873484302e-02
3.789104883899758747e-01 4.532009432696787465e-01
2.178817177956401674e-01 8.020236222461062103e-02
3.973803414515626464e-01 4.270833457930999777e-01
1.603887457824292873e-01 1.057510432297894404e-02
3.681225100008765905e-01 4.219680216434100739e-01
2.113624750376193462e-01 4.154842595589502974e-02
2.740225909033306984e-01 1.125278826584762554e-01
1.798562154134008551e-01 7.792856988937089252e-03
1.887478853148743807e-01 6.025099552634556599e-02
4.012760251128295041e-01 4.241511877938238251e-01
1.574893640574893672e-01 1.004247104882198191e-03
3.343675077297268983e-01 2.167829874965256642e-01
3.621122065061980755e-01 3.442777063570742202e-01
3.406354659172197152e-01 2.464029619057605813e-01
3.810840456808092802e-01 4.384291575209029457e-01
1.521643495415083147e-01 2.208913800777582634e-02
2.126313187731199705e-01 7.521832152184096398e-02
3.540353891246974527e-01 3.685518699921049857e-01
2.202886295273301376e-01 7.270013734167768416e-02
3.655025704286318233e-01 3.959213806581750039e-01
1.949794061553352664e-01 5.693045969845066112e-02
1.826317929474527979e-01 5.266313233915860537e-02
3.667138585923331862e-01 4.668829414263396260e-01
3.674426853665807569e-01 4.562469723105153641e-01
2.248479504231788995e-01 8.104767380941964305e-02
2.925023111060529590e-01 2.130159109125723538e-01
3.892247944921785052e-01 3.630653237239482301e-01
2.271660276489481656e-01 1.162570704200697330e-01
1.760274127641303088e-01 3.697744509609304786e-02
1.739685318731326591e-01 3.435217071667499844e-02
2.153612118362179251e-01 2.821853516137880560e-02
2.287365948891927625e-01 1.059249559032174742e-01
3.351156331413883693e-01 3.587709376372680281e-01
4.165863762521104796e-01 4.519576476850173941e-01
2.550291351424693875e-01 7.422416990610711252e-02
3.707244708241710374e-01 4.213703065395205116e-01
2.808252337250334851e-01 1.958804739815024620e-01
1.645395441039085305e-01 1.402237380487563259e-02
1.885436990026763682e-01 1.513157423856052036e-02
3.854292199656071949e-01 4.316141113765165627e-01
1.916001469264453916e-01 1.428555855424229123e-02
2.614578427934638460e-01 1.304037763890480150e-01
3.512739841095386950e-01 3.715356052427815636e-01
1.494032240860515004e-01 2.361196452575858515e-02
2.301399386927956425e-01 1.074753157433684103e-01
2.299757423960281377e-01 1.117396393925703391e-01
3.910833294492462309e-01 4.634526022708113646e-01
3.285959320818466756e-01 2.067740480728413599e-01
3.554531196721529840e-01 3.672404128682246194e-01
2.756151184796434839e-01 1.359483697972632965e-01
3.620049107336246186e-01 4.232247419145174772e-01
2.035733797324752459e-01 3.649820596777168802e-02
3.075017789138900781e-01 2.219589576220200866e-01
3.877617990561003092e-01 4.694070857520217244e-01
3.487261761107472435e-01 4.226441489621080017e-01
1.623404386478888850e-01 2.701065350406031337e-02
4.009762607376097243e-01 4.005451024592600606e-01
1.417844697106117602e-01 -1.948642982890029518e-02
2.348763780725783568e-01 1.168951522904397994e-01
2.233990412486183685e-01 3.552107428773118580e-02
3.731515257259957474e-01 3.883408039609662632e-01
3.565375487190233228e-01 3.005196874560341347e-01
3.725511705925049766e-01 4.410952445416908008e-01
3.721396406644967292e-01 4.387956874099563920e-01
3.478914931651423958e-01 3.318810463747823292e-01
2.175589818878851944e-01 1.197262195748482888e-01
3.011201893989230438e-01 1.576257510662960604e-01
2.020439114325022489e-01 3.545409625180029334e-02
1.513633828275474102e-01 3.852316433294893094e-02
2.290743870329392806e-01 4.895916422132354229e-02
2.247743089320013987e-01 7.492079660911514505e-02
3.981994898467061672e-01 3.911974469805544197e-01
2.378561372313700573e-01 5.058597547731573385e-02
3.727012983455766371e-01 3.985027923387590154e-01
3.782069311980974513e-01 3.726920585061501145e-01
3.853880392459544391e-01 3.725146715521246432e-01
2.140823113491718277e-01 7.555165433609964398e-02
3.913640498070615203e-01 4.108738090824523570e-01
1.953175561061826770e-01 7.111481789044971080e-04
1.649743090872196061e-01 -1.161864785805776130e-02
1.693134168872268697e-01 -6.605038241076097161e-03
2.076943138076787210e-01 7.980591956848785695e-02
1.510356668070564901e-01 -1.262481226171173129e-03
3.943647250106139812e-01 3.957948636508749618e-01
1.933626198385830774e-01 7.281862628834021023e-02
3.985019081632766857e-01 4.369818170008827329e-01
3.881329609210257825e-01 4.355809722604604972e-01
3.830738601980320235e-01 4.287717879046866742e-01
3.565378788212086869e-01 4.417103635768397374e-01
1.388423674774753036e-01 9.417393516853549140e-03
2.407212593201263351e-01 9.088768879282793645e-02
1.997939437768443127e-01 4.786781433377007566e-02
3.769215667754662880e-01 4.210962079107923306e-01
2.181727446214619670e-01 6.498928516697159707e-02
2.205581842723442765e-01 4.544028930255107623e-02
3.609908883869088481e-01 3.829453208253509322e-01
1.938731765557416553e-01 5.917561527488160444e-02
4.062744274727475569e-01 3.727751883440572067e-01
2.678444107168855282e-01 1.040051605815911356e-01
2.166733248136152867e-01 6.056584164471619236e-02
1.930452246819339135e-01 7.235787062636665767e-02
3.344522401019352498e-01 3.096687074346042845e-01
3.920253935860426031e-01 4.336335516078471675e-01
1.793592235239151456e-01 3.820691294579513231e-02
2.882217009655245743e-01 1.691915917453089557e-01
3.751585051138708327e-01 4.405807428032391670e-01
3.781905727022463193e-01 4.073848107379415828e-01
4.276653429226023873e-01 4.315334261098338620e-01
1.496515098026122426e-01 1.707638114760995710e-02
3.734852313891996456e-01 4.487618900004873845e-01
3.865926199230295124e-01 3.845238741321075349e-01
3.145703041942073397e-01 2.539592973767056949e-01
3.576959251184729238e-01 3.664613256945706277e-01
3.753560391725663248e-01 4.477566157409552106e-01
3.698965804528058787e-01 3.880697647392043481e-01
3.925638014875930115e-01 4.497077686832469667e-01
1.824389789717905108e-01 2.142516372950301409e-02
1.753496563728714763e-01 -2.056144691394503482e-03
2.117222979835640118e-01 3.836510503225784574e-02
3.804747855698240588e-01 4.512076260976397024e-01
3.595538266241092851e-01 4.269901447443743558e-01
2.610979896766328912e-01 1.606318383139168360e-01
3.526925009487542617e-01 4.301972899960911922e-01
3.859514004618387339e-01 4.393654234205494613e-01
3.611574442793351047e-01 4.364823872262802440e-01
2.261569690629069984e-01 6.061311999382996973e-02
1.840445299690900982e-01 4.880599711155036990e-02
3.858931029383843025e-01 3.868906230188858264e-01
4.115783826636889575e-01 4.314354998026326271e-01
2.056492523952261342e-01 6.349826660759889940e-02
1.945579682714215775e-01 7.019046155743942361e-02
2.032372415996008264e-01 3.083395844065845923e-02
2.036557152064273069e-01 6.518753527671070080e-02
3.734977659826470564e-01 3.765760833540828245e-01
3.710502135779410460e-01 4.461886926466286929e-01
1.426864922713756423e-01 1.761746155254726234e-02
3.700119619432631901e-01 4.142501892738885139e-01
3.172969378346244262e-01 3.220248697290788997e-01
1.514299215759059014e-01 2.828614925342910411e-02
2.229061204338840529e-01 1.011097815008551171e-01
3.730553061412121840e-01 4.266432830446847402e-01
1.412257354621643812e-01 -2.012580222511600736e-02
1.829956556385269884e-01 2.646450560127035570e-02
1.834471851148508081e-01 3.242788248742049795e-02
2.031848484093530527e-01 6.326531934129413226e-02
1.972823285395917114e-01 3.407805259154297883e-02
4.034203241644713778e-01 4.379360503220177114e-01
2.139917453144603021e-01 9.254396532641269435e-02
3.822514272430804771e-01 4.044149606981733425e-01
2.722637924649500274e-01 1.065251250548493178e-01
2.109129564562860770e-01 6.499426002301224303e-02
3.760965187643379171e-01 3.523162947444620774e-01
2.901526906664801952e-01 1.433963134618961577e-01
1.753231099120104441e-01 3.492187942979407822e-02
3.909841579123817801e-01 4.201989636784607129e-01
3.609959491993860459e-01 4.372162181329837805e-01
3.629321195744231732e-01 3.672181623655771943e-01
2.157159808608472007e-01 5.204014783173456504e-02
2.318292000432973787e-01 9.503899794391833245e-02
3.395115829395577434e-01 2.823401193553345956e-01
2.845803388229163344e-01 1.811802988494645161e-01
2.701441632810799298e-01 1.705965245668730201e-01
3.794195621816144337e-01 3.028602925702901238e-01
3.950942666689544192e-01 4.270144661375890327e-01
2.407700251930288138e-01 6.699010367787924802e-02
2.289754702471701320e-01 8.775036553862171351e-02
4.162000342267200836e-01 4.502879548995117887e-01
1.752082745913527972e-01 6.293465692365775299e-02
3.830795593870946480e-01 4.318810608843268173e-01
3.855493660971446301e-01 4.544844298947272043e-01
2.219940923905289742e-01 4.701901071134041710e-02
2.068875591174312856e-01 3.387490688837829778e-02
3.472582945972049195e-01 2.724735417085754619e-01
4.002935624686972393e-01 4.149976468619203662e-01
1.797211351979494109e-01 5.767895834233366381e-02
3.698518226041147550e-01 2.244469849454908406e-01
3.672108751632010559e-01 4.165009236208019883e-01
1.781582245073126125e-01 7.888279655086512243e-02
3.438565422854902298e-01 2.431896781805241992e-01
2.381564554661814992e-01 6.896088562728636129e-02
1.627311812300256122e-01 5.079155550176393807e-02
2.272262399264228516e-01 1.042494050427977409e-01
2.961855310342187408e-01 2.005979783093946589e-01
1.904898833190187268e-01 4.431732721544021092e-02
2.133617718970201860e-01 8.349374473377413342e-02
1.432040086615467556e-01 1.742743146832882381e-02
4.260508604558096990e-01 4.235349730090624543e-01
1.719884585484391659e-01 6.556654525263443112e-02
4.075422982715236619e-01 3.391974375016508225e-01
1.706555160301339580e-01 3.452657037053331879e-02
1.596682057535001309e-01 1.603696258499254235e-02
3.659445153840096276e-01 3.412264146804649956e-01
3.526832702558654886e-01 4.024766748747197753e-01
2.666734339039289470e-01 1.652478422430265215e-01
3.948528146939241923e-01 4.653917416972458976e-01
3.580387649947234796e-01 4.063954305437633141e-01
3.811543518887195447e-01 3.509560688253060556e-01
1.760241310489321087e-01 4.156832107484345618e-02
3.721413957185707444e-01 3.921227801413301739e-01
3.484995269828126130e-01 3.401212322614399208e-01
2.660700301591698014e-01 6.745620319873181503e-02
2.258991954125593726e-01 9.636094249765107811e-02
2.067315627438327530e-01 8.629545706221887491e-02
2.696304102788328327e-01 1.337994999011382358e-01
3.762840096948506519e-01 4.548624961287945356e-01
2.506367737699338738e-01 1.105492902117726911e-01
1.513643544889317905e-01 9.218854955576963328e-03
3.879907779333571227e-01 4.571323898832601595e-01
3.561624543029896506e-01 3.522081238369456080e-01
3.963926730525737518e-01 4.200110094009159023e-01
3.645762883494320095e-01 3.699351233535762007e-01
3.513140881854421860e-01 3.651076332888146259e-01
3.667187076977430626e-01 2.844089853670500045e-01
3.986912709310723169e-01 3.804693688592519218e-01
2.350790322686349687e-01 1.306185175081691352e-01
3.409705964446922977e-01 3.949330434329683670e-01
1.613725174311938515e-01 1.283444804053355745e-02
1.924170581669586988e-01 5.582681190269510318e-02
2.507730606185583078e-01 9.635371236132976580e-02
1.525873257101045544e-01 2.349448274904653369e-03
1.916994351705725297e-01 3.943503336170084417e-02
3.540062469425923064e-01 4.166872052189311559e-01
1.983674105560726819e-01 5.039067062250000839e-02
1.868270577321982928e-01 2.708710915556980167e-02
3.777680725221940206e-01 4.191291161061740378e-01
2.601654629820753795e-01 1.097860034545211083e-01
3.934770378409228053e-01 3.876099548998603872e-01
1.926611065329119632e-01 3.784741676522800080e-02
1.877270792102561925e-01 2.370759588149915637e-02
1.155913017077187799e-01 -2.156714451452373602e-02
3.375625446581521638e-01 2.758306879161676606e-01
2.780099823548006222e-01 1.134008140713383544e-01
2.215521993779958898e-01 6.194102924304703550e-02
3.729284500204435027e-01 3.664517958986294732e-01
1.758448180376534498e-01 5.349632899941201419e-03
1.981383991443710912e-01 4.186316967723772986e-02
3.821900306317672635e-01 3.689836090255307899e-01
3.993912435856166177e-01 4.692637168025331484e-01
3.196861757511842983e-01 2.293354215107169802e-01
1.938388530632478290e-01 7.659271045471476025e-02
1.473028690485631009e-01 -2.305731005277930970e-03
3.558285617378751930e-01 4.293515776479884249e-01
3.592043454100632971e-01 4.157539801836570015e-01
1.677159637535412529e-01 1.823267847206409137e-03
3.949889303774439253e-01 4.286939175837619631e-01
2.016898441393961683e-01 7.207138962700404550e-02
3.519148829822669189e-01 1.671273913470014694e-01
2.282114528751389149e-01 5.781484092500045746e-02
2.090067242631453159e-01 9.209161068330590227e-02
3.685632209682191407e-01 4.242312028563514636e-01
1.830389192835079615e-01 4.752428113422919875e-02
3.851197463617811456e-01 4.262803041115060254e-01
1.960372820502010172e-01 6.053325987409609310e-02
3.790026240849638794e-01 4.421242794451499813e-01
1.544153481753196000e-01 -1.851347680886315794e-02
1.915252556068344214e-01 7.013549139402865118e-02
2.033906151459551337e-01 1.563472926142520439e-02
1.805597640406733650e-01 7.092699052468534604e-02
3.743706238917718920e-01 3.032943445788740533e-01
3.803060517696835729e-01 4.085334168619818018e-01
3.676778550296724291e-01 3.590104677912562825e-01
1.382174305298871086e-01 -1.045766175752877412e-02
1.656062801533373097e-01 2.617189394896825977e-03
3.566547399870182988e-01 3.819665570079869288e-01
4.000401520827863155e-01 4.542582784295755016e-01
2.264602201984773910e-01 6.315442971103338299e-02
3.944295716178863320e-01 4.431808156048760994e-01
2.451961478604061107e-01 8.260615826870294776e-02
3.922420481883164278e-01 4.051330216919452609e-01
3.627315342844221746e-01 3.570884247631556652e-01
4.100101639360954620e-01 3.567450351719740897e-01
1.568207953925371823e-01 3.819550776301765260e-02
1.830373685242937254e-01 1.868050310081815005e-02
1.688448770398107146e-01 2.348215203703052367e-02
3.689154605138447174e-01 3.637789847401469157e-01
3.750050703612088920e-01 3.692583742898260524e-01
3.851959890346822735e-01 3.812256937657235167e-01
2.055143848414015817e-01 5.804125712450729224e-02
3.288230691459298471e-01 2.429953358028397459e-01
3.879036791712640042e-01 3.797361286171114236e-01
3.753517878413815678e-01 3.827185523944233725e-01
3.951844687125088962e-01 4.476251725999663145e-01
3.793119784795787042e-01 4.471320310378110174e-01
3.765931083577989114e-01 4.558553896598848687e-01
3.846012228517290965e-01 4.151137443245307979e-01
3.501310413766712815e-01 3.778426904484705195e-01
1.888326138485691419e-01 2.944626635096847175e-02
4.046219208612348295e-01 4.423299080420771134e-01
3.562004348523976072e-01 2.370049702180542506e-01
2.359702202591162368e-01 1.149476903942679290e-01
3.123112929663177662e-01 2.225971261773030119e-01
3.872261436977629256e-01 4.576048637692120558e-01
2.196097250577506987e-01 4.868733571265204674e-02
2.675344121702064037e-01 6.748616234571562511e-02
2.068153677821714664e-01 3.555664388950488530e-02
2.108568461721316845e-01 9.565955760766953198e-02
3.692520376490311951e-01 4.492302621374918981e-01
3.674703238946501749e-01 4.053637013280316226e-01
4.015408283853202365e-01 4.489782869503243234e-01
2.002561229879461502e-01 1.031006837859877595e-01
4.144852244293913968e-01 4.464323760983842093e-01
1.989742414992408115e-01 1.038442894024006052e-01
3.729914180006285163e-01 4.328949399546077603e-01
1.564472016002723120e-01 5.366093560317053424e-02
1.405212758384068172e-01 2.511576353789488764e-03
4.032031944910908772e-01 3.817656427517578388e-01
2.246552304466051808e-01 8.581593082608267309e-02
3.709265911917122294e-01 4.383880031093975727e-01
3.340524480672344421e-01 2.640695869459523948e-01
3.894758910348729009e-01 4.354523310680237791e-01
4.178398406582128355e-01 3.811613004439081132e-01
2.338521434342712979e-01 1.093008623394497308e-01
1.962196957547756582e-01 5.857014026537994689e-02
1.713178064168695003e-01 5.413387215011954828e-03
3.675403737094142254e-01 4.121082036521816483e-01
3.989515711705943213e-01 4.532202805635508480e-01
3.399666767930025202e-01 2.168193482279845152e-01
3.868564506923799495e-01 2.981858605920525429e-01
3.648052689928320547e-01 4.414223405475866113e-01
3.952767607118123916e-01 4.580432512874236806e-01
1.897829931648419288e-01 7.516930084528004874e-02
3.730014046941032557e-01 3.757133445520030590e-01
2.081675197224034934e-01 4.325976407910252231e-02
2.216349330980981747e-01 3.374457956359760979e-02
3.833771212789643945e-01 4.418627229071978024e-01
1.697328850239195330e-01 -3.812374445141791801e-03
3.304005190845266116e-01 3.149726285455798913e-01
3.577901097363608285e-01 4.286976425315940364e-01
3.606267422070313922e-01 3.611367992061217946e-01
1.827512228948023898e-01 -1.480155004447737677e-04
3.145224363741379037e-01 1.553853057494179457e-01
3.902712906980055907e-01 4.410579279766000949e-01
1.469440506033309335e-01 -1.789379458887228880e-02
2.259096092524504606e-01 5.658103801651404030e-02
3.918222855077559408e-01 4.506199881162073484e-01
3.833994717195253754e-01 4.577206229521709746e-01
3.502520270564667415e-01 3.926369483370005242e-01
3.659086032644109920e-01 3.933136605507807082e-01
3.790460910175555975e-01 3.724539086405462274e-01
2.281423926006186931e-01 8.671873997221878072e-02
1.513951513785999903e-01 3.417857173637059431e-02
3.413409881106983512e-01 2.697278078772397114e-01
3.458009304976707998e-01 3.950934638548961320e-01
3.959978573284427261e-01 4.417204767735911086e-01
3.627621481551479010e-01 2.500317366582395229e-01
3.809250114409042931e-01 4.400739815811252620e-01
1.838997986683892361e-01 6.969825777758242857e-02
4.119771481673720759e-01 4.152923390632570766e-01
3.760717335993598032e-01 3.881803037451372340e-01
3.724477692085035874e-01 3.357624089743741491e-01
3.319057704028237632e-01 2.143519643032820166e-01
3.582372855442084170e-01 3.714390557435378049e-01
3.247375496478197565e-01 2.601128993331875416e-01
3.940539644875201697e-01 3.972919859076672888e-01
3.797265572504003872e-01 4.591275533510075224e-01
3.645777566576203776e-01 4.076437896487584145e-01
3.752740926037615998e-01 4.482723686695175291e-01
2.886093479032713072e-01 1.784966746088011702e-01
3.901419466565781424e-01 4.092035064562525304e-01
3.581813343163987584e-01 4.418779259698749073e-01
3.653783471317434417e-01 4.518509892579999909e-01
3.957351793602394974e-01 4.367981725055123943e-01
1.822153418725304119e-01 3.528520521808649335e-02
2.387063064717545591e-01 5.236875854907600825e-02
4.064400494288420429e-01 3.542321481151316509e-01
2.680732799040133618e-01 1.012189531686689958e-01
1.678558474485984386e-01 5.429408473123729928e-02
1.669069921190921568e-01 2.009806006459858088e-02
1.660538484913356705e-01 4.022899805222281133e-02
3.764302803495270799e-01 4.311210844399094855e-01
1.909854186679352805e-01 9.403508349561464502e-03
3.568509670744873796e-01 3.339807217533711792e-01
3.517504199034178214e-01 4.024599671538857115e-01
1.678500923677529177e-01 5.299896436521123189e-04
1.750466942495601530e-01 -6.845523852226826494e-03
3.949025593813801360e-01 4.420299426946199817e-01
3.817238783534911972e-01 4.617963308870307038e-01
4.389352964867592188e-01 3.655916303211712570e-01
1.915125071035987392e-01 4.663880619386875925e-02
3.993552197125225245e-01 4.425575486826202054e-01
3.948420023975703907e-01 4.471930965042857919e-01
3.846205570169146104e-01 4.487253250270435978e-01
2.004418743993860996e-01 7.453979765570456495e-02
1.696518886741789911e-01 2.642357518620630855e-02
2.127978920585708311e-01 8.318357990725780415e-02
1.526747041250554604e-01 3.181844742687747751e-02
3.653308482603186413e-01 3.916899847758839592e-01
2.575641884321230313e-01 1.003757142764380994e-01
1.757489357761868043e-01 1.146333471137509982e-02
3.514020303592476080e-01 4.072319022225850405e-01
1.708720966518271489e-01 2.876066455929670793e-02
1.675834019621048332e-01 1.552530155916333893e-02
3.690631772197954241e-01 4.308227100320635716e-01
3.893519324465951059e-01 4.418949838393070872e-01
3.890621802971586662e-01 3.961565910333169627e-01
2.088892161112145540e-01 8.479814455865040956e-02
3.816545746871038425e-01 4.198244652918662889e-01
1.811048370971469756e-01 3.798976776629992003e-04
2.087311643065966338e-01 4.482672529278057538e-02
2.813046086498298126e-01 1.432262281009694938e-01
2.885263267552819477e-01 1.776555465738315076e-01
1.636708090449000008e-01 3.256455483618142521e-02
3.726603064361263540e-01 3.463258648595484712e-01
3.796123988243779168e-01 3.880857882134106096e-01
3.735716048430122171e-01 3.547436558319053690e-01
1.821880508744148641e-01 3.841687962039759541e-02
2.236275620741726700e-01 6.217565726006978044e-02
2.079563328033116054e-01 3.070316226529628059e-02
1.692798910269413815e-01 -8.277271431432741203e-03
1.338809817292784532e-01 -4.105316455464403519e-03
3.647041338259935372e-01 4.148125501413369998e-01
1.436624809375066647e-01 6.640704117533842432e-02
1.767692565100271729e-01 6.639452357951487749e-02
3.757344918118903365e-01 3.979888574418333769e-01
2.121158849497282173e-01 4.243765158198857523e-02
4.064571041167900911e-01 3.534563971052628317e-01
2.106696413448942984e-01 9.605638028006832640e-02
2.377641745479602275e-01 4.486282836968273624e-02
1.971194990772068278e-01 2.956366871243504627e-02
4.083202564271249391e-01 4.468150500377080503e-01
3.593592371800652940e-01 4.270831480352607623e-01
1.403918955019958503e-01 1.165260095127825316e-03
2.411459891641087594e-01 1.262975832030056866e-01
3.542664407625066847e-01 3.210767331097164612e-01
3.664419606007663921e-01 3.681165478353023990e-01
3.923066500631144371e-01 4.410897062673076463e-01
1.896186771395699244e-01 8.031817927211994113e-02
3.038980008712524050e-01 1.356687526650129372e-01
1.822154200784220635e-01 1.314918116200659154e-02
1.758218622578379686e-01 4.872865299918642534e-02
3.564623946465050874e-01 3.377586697493243917e-01
1.744328713684860088e-01 5.352777739908709531e-02
4.101351719755746972e-01 3.412992960585873869e-01
1.939257038595389449e-01 3.500342007988191395e-02
4.158582961820393997e-01 4.249690222142240570e-01
3.218251636677401661e-01 2.630456856751085537e-01
3.682669744632837139e-01 3.240589517926452667e-01
1.981856269123106196e-01 7.645762956517568321e-02
1.917784456867558107e-01 3.438805624341034761e-02
2.147291973250668451e-01 5.205858300486947143e-02
3.892374295815410057e-01 4.231497633231336430e-01
1.428123293823941875e-01 1.012235591727181014e-02
3.798513731820601924e-01 4.797573818832626125e-01
3.191530506438245429e-01 1.929089398270174560e-01
1.962156301069950537e-01 3.544365984280690995e-02
1.430631375314146969e-01 1.050391070151794962e-02
1.978067173013904889e-01 5.785777545355039186e-02
4.206985219598097236e-01 3.909139240348623590e-01
1.599597194850981285e-01 5.311309137670493230e-02
3.857264726819820133e-01 4.361962631864983453e-01
3.728272358455566593e-01 4.480075233008420921e-01
2.175427740197339865e-01 6.713338241822877639e-02
1.311660908421613536e-01 -7.621044226523753309e-03
3.423568485022145946e-01 2.494434645554045316e-01
3.131557418711181651e-01 2.080524553838388468e-01
1.363543821575936565e-01 -6.711713943142365649e-03
3.493610193471854419e-01 4.204890876239407715e-01
3.947191088323201980e-01 4.853856099476698827e-01
3.917569993038068632e-01 4.582199532011377863e-01
3.513550005085519512e-01 2.493911892173018285e-01
4.151260520384468800e-01 4.186524620417517717e-01
3.788845860392333620e-01 4.338491195263665667e-01
3.896943142537391269e-01 4.463873394468165778e-01
3.929170511017614498e-01 4.763662809591012182e-01
3.854539842732458421e-01 4.625691470714560771e-01
1.719089757885249592e-01 3.151588489947688629e-03
3.649562930624071777e-01 4.342578346744225271e-01
2.275584801173904936e-01 1.167140231129531330e-01
1.737173082939192925e-01 7.195881377656065947e-02
2.019908994608210773e-01 5.782098266072795145e-02
2.025111679339578474e-01 5.344254545104074050e-02
4.100186611989456997e-01 3.759845623303685325e-01
1.324360528268868631e-01 3.624055548112750658e-02
3.414125736111384146e-01 3.455989809059036300e-01
3.870284677390106731e-01 4.341432317033104282e-01
4.314502476130950281e-01 4.108060746996760604e-01
2.154070869442373803e-01 5.725515133159390924e-02
3.020386770399375864e-01 2.105855284347487866e-01
3.451504122865449720e-01 3.415547558005068152e-01
2.270090657574158066e-01 6.721128364205990191e-02
2.166043839582059427e-01 5.537692011814425441e-02
3.894236811368606554e-01 3.574007142739050735e-01
1.812783720441459301e-01 7.972606553965330689e-02
2.012287859429169323e-01 5.812181024205922975e-02
4.114363428047870253e-01 4.327072145222739530e-01
3.875258992959601523e-01 4.380128737749579559e-01
3.532529409441604873e-01 3.719872866193217886e-01
3.558303721029090205e-01 4.048988714931408550e-01
3.925573473617953724e-01 3.498361512517588756e-01
1.780272417181184563e-01 5.856207709626942703e-02
2.786513134043980822e-01 1.870588037060154363e-01
1.843293183222658171e-01 4.352218755255812810e-02
1.397334771374237894e-01 1.816449662466888826e-02
1.566839165437113046e-01 -4.659978085970930411e-03
1.573667814934231191e-01 1.208590823647363866e-02
1.707325671733660177e-01 2.034612074243594138e-02
1.224660254715488200e-01 6.180992918172922845e-03
1.933681826290936101e-01 3.141901831791119037e-02
3.686355439969183356e-01 2.007090444220226144e-01
3.620471253255548305e-01 4.031996497128153556e-01
2.111760572054654506e-01 4.161168163579845314e-02
1.947730460418668486e-01 6.005240079510996976e-02
3.303920544185169339e-01 3.453163196164977244e-01
3.281232821971936109e-01 2.642506960589700027e-01
3.736594645308138896e-01 4.592883959836023267e-01
3.574919184564449015e-01 3.718825268558253461e-01
4.060947724476742238e-01 3.840524717650615760e-01
4.274949425227370092e-01 4.495186747278059891e-01
3.332742538704510649e-01 2.372242031657114114e-01
1.967643637353079789e-01 6.567211836968095406e-03
1.699968528928499367e-01 6.536282515177481434e-03
3.893600780139955808e-01 4.595282863870205348e-01
4.040191857290452715e-01 4.539180990010939221e-01
2.077906312771495567e-01 6.527318320663520745e-02
3.838102094047471380e-01 4.185514737286276654e-01
3.566951321281747189e-01 3.503669584775946366e-01
1.650627806068466485e-01 1.094699234464732371e-02
3.520955297429526620e-01 3.620542426336363362e-01
4.004838444131031405e-01 4.253981558405297014e-01
4.069560527494115454e-01 4.676095684997579327e-01
3.707591156127719723e-01 4.200014067560673969e-01
3.483046272319899606e-01 3.673327749307264134e-01
1.749788094023069784e-01 2.605059502550133646e-02
3.905232063878290028e-01 4.612768105051106571e-01
3.806500455192761700e-01 4.207105634702539287e-01
2.836156425404340875e-01 1.726381471757581498e-01
1.465077895378499306e-01 1.818148620392891560e-02
2.428068109904873428e-01 6.434945623081433919e-02
2.286758110764161578e-01 1.020136856061711200e-01
4.221612772057905527e-01 4.318159067410624607e-01
3.663216168161611552e-01 3.903737062939221514e-01
3.952480511247437045e-01 3.295327985188437059e-01
3.520186641261318083e-01 4.285647680688368655e-01
2.043573259585050594e-01 6.164559920423200168e-02
1.617777448222346703e-01 1.725012857765030952e-02
3.819819457190510859e-01 4.209411522234803305e-01
2.135317337242107760e-01 7.313605655625472768e-02
3.788677998836675886e-01 4.658433237620013267e-01
3.535950250643371540e-01 3.611526605945633572e-01
1.848672832210391803e-01 3.744370258493204609e-03
3.781323957919949796e-01 4.174208575524796516e-01
3.508395737060647779e-01 2.900175303522452008e-01
2.192756471307739652e-01 4.158199713671917319e-02
1.934389304320464076e-01 5.315113252921117859e-02
3.971564061502810272e-01 4.708376767087078529e-01
2.025902987027830560e-01 3.784620300249036395e-02
2.395123246602901546e-01 1.146260626812269645e-01
4.010737520963988390e-01 3.662526198744966988e-01
3.726902550597348540e-01 4.378300244111722472e-01
3.821609441968094045e-01 4.181444993081118722e-01
4.467082806796508487e-01 3.011841134073625637e-01
1.787202764337564864e-01 1.209088035988777760e-02
3.449352780090327864e-01 3.731382438941066026e-01
3.649991788921175262e-01 3.449090156399475249e-01
1.879488314142055971e-01 1.453414018860837986e-02
3.604276424497221409e-01 3.830368008642782152e-01
3.864467602369430210e-01 3.101454296161945678e-01
2.583939867417290315e-01 1.006340849132060095e-01
2.625831266908603689e-01 1.351198040523708954e-01
1.599938640369956699e-01 2.612152414536129605e-02
1.937180515443358564e-01 7.044966121159222661e-02
3.873451586979004269e-01 3.307627133813864639e-01
3.804971000662100145e-01 4.095144349307146547e-01
2.409546124963067859e-01 7.704316985547736418e-02
3.034591574991828411e-01 2.747568058028640459e-01
3.263775770590116587e-01 2.513127703741217522e-01
1.625814481373254461e-01 -1.912427582014288030e-02
1.529086028500933891e-01 1.055508013582466195e-02
2.908522617319528325e-01 1.640753484936197937e-01
1.785332589445707552e-01 3.256755269081136606e-02
2.130120230691924521e-01 4.959853341400292936e-02
2.145263802029408473e-01 3.697058836792460612e-02
2.822025302974101590e-01 1.656441930388306005e-01
1.637045789698339804e-01 4.457452859733690431e-02
3.903383596612152173e-01 4.472654501457565268e-01
3.647688132044968889e-01 4.184793161056879485e-01
1.739362446670435491e-01 6.033154500315530966e-02
2.016815682964499534e-01 4.017157585255363983e-02
3.101222323255335978e-01 2.019370590104986041e-01
3.702316463999031360e-01 4.093377253702200624e-01
2.464763381390967512e-01 1.039521706986871186e-01
3.718441709907545079e-01 4.004092265271535500e-01
4.076637515546400747e-01 3.606138975432137128e-01
4.027131052046064030e-01 4.325651039205758996e-01
1.974470318548915970e-01 8.043235365270420822e-02
1.843542907122690533e-01 -6.840193263279243513e-03
1.550741061533102705e-01 1.747921159347587058e-02
1.829753930289627628e-01 2.729978780155261839e-02
3.701095656225729114e-01 4.242394480296146075e-01
4.121284551946803321e-01 3.882373608577364688e-01
2.028778118774372530e-01 6.715493241468645236e-02
1.580141437212325417e-01 5.209860161821536217e-02
1.991712207692702963e-01 8.300723112657089342e-02
2.153804360753721614e-01 5.333743532887352812e-02
1.718295942381112829e-01 3.798331328551961261e-02
4.121734513349850637e-01 4.650495255778699932e-01
3.514830105462896093e-01 3.228642545120073426e-01
3.948403548315891354e-01 4.458318077887435948e-01
3.623595575462341678e-01 4.494080419095029533e-01
2.029541251431204452e-01 8.396461091218361539e-02
1.293836327301166877e-01 -7.520607249906906266e-03
1.767647406568784718e-01 5.688498762146758370e-02
3.648828486598592047e-01 3.757098959560109530e-01
4.145007288502930431e-01 3.858121046570840984e-01
3.752400508667808054e-01 4.691096679337928843e-01
1.980327974468893415e-01 2.089225273632060870e-02
3.707398605647422851e-01 4.195914637337590514e-01
2.065842180132031469e-01 5.568929803391134414e-02
2.967453925356763333e-01 1.529339825917942208e-01
1.966062467228053001e-01 1.517748618175360567e-02
3.735293663298214772e-01 4.634915560946361035e-01
2.125606484593761392e-01 7.060509443797993723e-02
2.089744303251907243e-01 4.111754436823047976e-02
4.205613552658882259e-01 4.090789399313535246e-01
2.292843504240445196e-01 1.225836863730293408e-01
1.874241199212176023e-01 5.144964206195441758e-02
3.552275063639208086e-01 3.508498113602056545e-01
3.400041061132583753e-01 3.128398127407931995e-01
4.159639617049090687e-01 4.158714073019438850e-01
3.784560947146368148e-01 4.631426459022880970e-01
3.867344718056429098e-01 4.374620673642878876e-01
2.942975201252073791e-01 2.302016159797997952e-01
3.548977175891514513e-01 3.063286999646967490e-01
3.141960585400827566e-01 1.579857061337990309e-01
3.515957657074240128e-01 2.990700093343651722e-01
3.340268938889098260e-01 3.984907885550961759e-01
3.441742388170165867e-01 2.468218334163487515e-01
2.070469592506841705e-01 6.525338409089535135e-03
3.727214773536082770e-01 3.345175237933539214e-01
3.731271297834400369e-01 4.089227768937596652e-01
2.039835655448519747e-01 1.094620439713945431e-01
1.950795001762720138e-01 8.681260391404206633e-02
3.574044021131658200e-01 3.783964468454043550e-01
3.926809287539860804e-01 4.342410888440922379e-01
2.421825563500091261e-01 1.293776204336858360e-01
2.628149598972674417e-01 5.276342517944274113e-02
4.003140899859981561e-01 4.468278952381875002e-01
3.716728880725951312e-01 4.339402328454311508e-01
3.416609509051583560e-01 3.806477377556549135e-01
3.754770131704412428e-01 4.717797714361630645e-01
1.609763441254782323e-01 9.731157523989054231e-03
1.421742573439651047e-01 -2.463045191608284959e-02
1.389228696156694642e-01 2.467648366328045392e-02
3.363051120102266700e-01 2.883757481731435424e-01
2.929838613573868544e-01 1.194304449629518400e-01
1.661562395512042878e-01 5.926479129838244098e-02
2.975571366687905783e-01 1.550957639611798833e-01
1.947782261890877720e-01 7.524816969475929540e-02
1.954511140328051844e-01 5.750634721541103556e-02
1.797119867532452897e-01 2.129964650911608456e-02
2.370454234518483139e-01 7.641774420415964331e-02
4.076487014315450796e-01 4.439911339190130701e-01
1.531749321432759325e-01 2.026323993287839145e-02
1.902953264623910568e-01 8.766049600249482820e-02
1.674842898128738045e-01 2.683286727439931560e-02
1.180158315760246185e-01 3.696774647107635425e-02
3.831837798108811421e-01 4.124638967530189770e-01
3.625447443197294950e-01 2.655557380876458762e-01
2.113502730173686950e-01 8.451993985180948632e-03
1.449918157064051527e-01 1.923696842857968575e-02
3.864336838963170484e-01 4.926124720175209526e-01
3.593893628612324642e-01 4.285120008078951437e-01
1.844356039841988371e-01 5.007379058438281294e-02
2.372747807010566201e-01 1.451589063971205906e-01
2.385616501011506019e-01 4.453619835910468949e-02
3.699690866651995647e-01 4.154321369291292254e-01
3.091732705299914397e-01 1.715492390428057512e-01
3.718098282465623905e-01 3.469181171496551475e-01
3.906323090466146120e-01 4.522396477403814452e-01
2.628003590143543899e-01 2.265401647553504649e-01
2.927535638569152554e-01 1.945373963399284756e-01
3.873228316799637305e-01 4.590781872123779750e-01
1.941363397038685101e-01 4.250810955220471477e-02
1.873550523754330954e-01 2.081728037615883722e-02
4.024311142828221888e-01 3.892742546536695492e-01
3.727134510653505872e-01 3.995421778161079573e-01
3.532034078205235073e-01 2.001859683970801385e-01
3.674203267433166498e-01 3.555484019353996605e-01
1.549183835595875081e-01 1.096365387473733841e-02
1.967939609383816124e-01 5.836217016442131478e-02
3.174852926092085470e-01 2.284846808864379464e-01
3.800974912814900630e-01 4.570236529024482297e-01
1.882625574464490970e-01 2.524789683469643234e-02
1.654998909354303271e-01 1.593032887684413604e-02
3.580791864912780120e-01 3.611555640676385459e-01
3.661898968921906139e-01 3.966640499278792364e-01
3.277653760654724024e-01 2.862995852678456021e-01
2.050915360623401518e-01 7.238809433656316628e-02
4.066473858538725006e-01 4.130532139221300136e-01
4.090276098491769652e-01 4.410085555331239027e-01
4.148415887054847095e-01 4.379246090328628438e-01
1.751583805215913003e-01 2.217408944241571964e-02
4.081594990071667484e-01 4.034046782920831520e-01
3.637141801428073196e-01 3.747387611940756202e-01
3.758921138179755483e-01 4.763090246550037432e-01
3.864078205170279334e-01 4.676013470738901168e-01
2.851444628216838195e-01 1.132900830559366162e-01
1.698293119128833628e-01 -1.207183754424134316e-02
3.700376634680693222e-01 2.989649757274333020e-01
3.864721261023622012e-01 4.355810411357095568e-01
1.914434464815204517e-01 1.678568480095451315e-02
3.804063225260985170e-01 3.732323540468686640e-01
3.741931882193301750e-01 3.540670834979374182e-01
1.753547803718942255e-01 -1.595911430984961465e-03
3.629000213048183543e-01 3.583395607990455534e-01
3.949833609552921287e-01 3.775603662361406987e-01
1.753613192979349422e-01 2.569993805140632567e-02
3.259896715918059185e-01 2.824290088108223351e-01
2.305032982762111049e-01 5.320044535591680890e-02
2.238141795350354624e-01 3.127728448727448707e-02
3.941965047698335334e-01 3.654346527882810780e-01
3.417276828150668799e-01 4.080786552030548076e-01
3.579289895290167500e-01 3.845246689281527352e-01
2.919437633818612876e-01 1.720443941703400925e-01
3.632965498659888048e-01 4.209851882698573688e-01
4.079974043451100041e-01 4.336653787285564277e-01
1.753444183657265065e-01 1.887726166414997742e-02
3.660204982910975069e-01 4.368374793724623117e-01
1.529499021237526457e-01 3.584079938128519049e-02
3.516541201811301809e-01 3.118092566145850286e-01
4.041074288013971616e-01 4.424210676939421272e-01
2.024848073080137978e-01 3.400908290776756548e-02
3.163306278038244268e-01 1.948974109919693609e-01
2.183912029412330980e-01 5.813799852801114498e-02
4.011570728131901298e-01 4.239951727886777655e-01
3.521335528852255203e-01 3.482899380931365196e-01
3.754609227551043427e-01 4.812231359261889829e-01
3.311357789151490039e-01 3.527069023658067626e-01
1.970787128289883394e-01 1.895974787711241644e-03
1.683290768957258488e-01 2.362586523812042205e-04
3.778824132996198015e-01 4.859418629111407761e-01
1.993894415592514235e-01 3.186117137102328911e-02
3.716690615490773619e-01 4.128983289365826259e-01
3.827501893798487820e-01 4.327516916915354339e-01
3.480169892217620520e-01 2.877541206979371546e-01
3.699119066090520436e-01 4.194561674687103392e-01
3.846741869829443106e-01 4.306581825830794186e-01
1.734244939095797577e-01 1.540845325307707916e-02
2.027839065414194786e-01 5.443797291548051198e-02
1.802422861411845378e-01 4.921101154641893682e-02
1.899681509290140902e-01 3.960747695946192914e-02
4.231606724889018789e-01 4.181723058463411857e-01
2.318010927060160653e-01 1.282429553239987918e-01
1.729171406503318131e-01 1.750403422415278132e-02
4.082026834424130612e-01 4.422575479015654065e-01
1.402330126183090331e-01 -6.076399737674192253e-03
2.321330825833967104e-01 8.323671753997068101e-02
3.635681638441888852e-01 4.140271797949469645e-01
3.784475333607114633e-01 4.538411815141601413e-01
3.640325839892136206e-01 4.028954071325749342e-01
2.373846518829422214e-01 7.125048913375653381e-02
3.539451221799362335e-01 3.593484945041970913e-01
4.077738675550558467e-01 4.265491138536982585e-01
1.837903219185645087e-01 1.215621145010628221e-02
1.928446219156949026e-01 5.999353318651694245e-02
1.898805363474371788e-01 6.912558605777585630e-02
4.108705275223804021e-01 4.594434477354727986e-01
3.815452990406261180e-01 4.330075784562326668e-01
1.927578550939897939e-01 6.088035093160042155e-02
3.717814242996207996e-01 4.458659803297700952e-01
3.795818114024855916e-01 4.271133122111367419e-01
1.611438503673354172e-01 -1.317725273701725666e-02
1.479320454051505918e-01 1.429827554381419077e-03
2.012586230429839196e-01 1.572214194861023054e-02
3.811289401640837182e-01 4.410308073084621139e-01
3.939121308516220776e-01 4.515674535316989702e-01
3.793911205518025742e-01 4.679537354159415963e-01
1.974260534135718892e-01 3.558691835942387471e-02
2.057427030589663031e-01 6.342705822858754616e-02
2.577009047068024028e-01 2.012050135096506986e-01
1.470074999421858986e-01 4.274745885857741956e-02
2.794205945732018970e-01 1.054459203377021564e-01
3.678174790375249859e-01 3.216194022278239806e-01
3.945136017836275988e-01 4.361640842221044534e-01
1.860172072622268691e-01 6.153835178100526548e-02
2.126643589064976247e-01 1.181931396808433704e-01
3.496035423719788260e-01 3.038167322857643904e-01
3.826101099648755999e-01 3.420082263838048475e-01
2.887375334217938683e-01 1.815350411256576590e-01
1.678130690755259558e-01 2.841745933603646510e-02
1.769013309182699278e-01 3.894836177919985820e-02
1.556816266073751676e-01 1.419434616387405673e-02
2.553282756017404287e-01 1.442690260771011534e-01
1.604063605075892740e-01 1.308194065364483641e-02
3.652228674370041617e-01 4.313609565060329554e-01
1.960463096897810953e-01 7.345048022774053331e-02
3.698316279801671103e-01 2.747536396980035378e-01
3.441248135943167918e-01 4.061831039955228762e-01
2.947357394429597210e-01 1.734142404229440382e-01
1.754428648793865675e-01 2.643059833964485003e-02
3.643651224151329138e-01 3.745907637999738582e-01
3.580129504726508038e-01 3.971392427652002399e-01
1.284823830299906544e-01 -2.191689233986602800e-03
3.282546263942239806e-01 3.351202002303524385e-01
2.582576870639597955e-01 1.402566972704139547e-01
2.323412443157238383e-01 1.086633543725238349e-01
3.711741874761737003e-01 3.983095530580290089e-01
2.412601037339473509e-01 6.679374661629117194e-02
3.919148265354336913e-01 4.450498317553845395e-01
3.607865532600877945e-01 3.704843951472945318e-01
2.513036704201424554e-01 6.320129220190572050e-02
3.935704370811211605e-01 4.238110231645547121e-01
3.937066926413522738e-01 4.125664348129988723e-01
1.907537167071827744e-01 2.935851458591115862e-02
3.899704919334969766e-01 4.162807938565052379e-01
3.929909142307389525e-01 4.319736408866195476e-01
3.247833136983153679e-01 2.881098421482002347e-01
4.115760124661452801e-01 4.317914657057780325e-01
3.724645887655064214e-01 4.113521861790858103e-01
2.078074860082960162e-01 8.251701192964157328e-02
2.024012451007536906e-01 8.485731577302958739e-02
3.562063211802454221e-01 4.281353301964868074e-01
1.907521768506687254e-01 5.859079846743432685e-02
1.592592396762421980e-01 -3.663227628566972580e-03
3.752447010389461379e-01 4.440724849636470961e-01
2.280786145935624898e-01 1.025126299876796543e-01
2.013190096172915444e-01 7.549137082771850693e-02
3.989054963259051068e-01 4.319645516431681043e-01
1.931108296585222761e-01 3.519057989436501221e-02
3.745232132729365282e-01 4.163158231002259124e-01
1.966230242226370828e-01 9.209752945268682989e-02
3.800807892688212730e-01 4.427326909108273978e-01
3.915498354488505806e-01 4.305031429474580063e-01
3.766004550348790447e-01 4.497730839506861034e-01
3.813208707310789536e-01 4.398259695968139149e-01
2.177513647443423128e-01 2.882800635794184260e-02
3.801261509049115306e-01 4.232656707000305718e-01
2.877244189143441377e-01 1.109070798811593733e-01
4.175681352188831408e-01 4.491950015773747418e-01
4.114226791712477516e-01 4.424085975926138059e-01
1.849446904152624305e-01 4.324197564495804724e-02
2.200501674249775996e-01 1.393375384404663686e-01
4.042590403205358340e-01 3.692062380155557988e-01
3.695928448042378189e-01 3.741523500995264651e-01
2.245502437022577624e-01 9.975991709211790015e-02
1.880232023670601049e-01 2.757012753379434536e-02
1.875031973075274028e-01 4.176590387035972185e-02
1.477514655374312091e-01 1.845192266980294482e-03
2.399877085013680800e-01 1.075993281297048382e-01
1.466549136910396678e-01 6.534244267883803498e-03
3.532513654734630859e-01 3.969950396121542657e-01
3.456156322632626399e-01 2.517221162662727219e-01
2.619994039047688905e-01 1.118286859842568398e-01
3.630552537791310042e-01 4.162695672592390261e-01
3.132923812672705477e-01 3.071411194300890934e-01
2.350412992437420079e-01 1.152484167268896381e-01
1.801273013016596036e-01 2.106752422400646682e-02
3.923033646625749271e-01 4.754662043188044307e-01
4.149971270629951303e-01 4.154570380988949485e-01
3.902909385533998021e-01 4.535710364657322136e-01
2.996845852135073263e-01 1.690789334630986296e-01
1.640314755312187178e-01 3.254364323664045433e-02
4.052282506810300777e-01 3.759164415963169303e-01
3.473463674664953316e-01 3.659982025783592996e-01
1.921881772194680704e-01 4.573400636919305873e-02
3.958401893309586583e-01 4.730537429668313920e-01
2.488011568425681497e-01 9.998022609876779099e-02
1.454873415813335291e-01 2.294950118439214454e-02
1.767178573885997417e-01 7.318114902934570731e-02
3.197077987850160952e-01 2.352590166362890367e-01
2.002675899634293599e-01 2.521621481852910976e-02
2.103878404833322557e-01 9.657269024986614436e-02
3.180712820820030817e-01 2.203647425243270008e-01
1.696788216544031780e-01 4.825688252809974543e-02
4.087082635075498516e-01 4.481697571734813978e-01
3.706497171693589054e-01 4.313410911394514602e-01
3.757505712684335308e-01 4.408048195513480372e-01
4.004602725642791849e-01 4.164627483169702216e-01
3.664763910661615887e-01 3.733459714575912414e-01
1.777747163936029551e-01 3.750642449359070651e-02
1.713119867857358924e-01 -1.107708692226105560e-02
4.204951443981219672e-01 2.733288188008638486e-01
1.721449164203922577e-01 -4.319782669934112834e-03
1.993072288328854025e-01 1.371575523618565051e-03
3.870188117259386607e-01 4.456811843147748253e-01
3.780071519829868998e-01 3.822912834477220634e-01
1.735288661889607120e-01 2.999334072745288293e-03
1.902329693986728465e-01 4.841055590390554164e-02
3.605606388764368564e-01 3.301633252421623532e-01
3.618783766663860590e-01 3.860321663086564992e-01
4.062717745289258220e-01 4.364615085839761988e-01
3.597535133451552625e-01 4.333584787749701905e-01
2.091746191855374248e-01 7.164614635429920886e-02
3.770829987137935824e-01 4.096307438507464371e-01
3.776870511711826195e-01 4.264579915414551947e-01
1.880341481736422515e-01 2.728788167214549545e-02
4.169567051843858785e-01 3.950844608932750357e-01
3.851795532464099003e-01 4.005039178134506828e-01
3.789574309972512101e-01 2.813798224172744389e-01
3.662577817376621026e-01 2.217486445794780991e-01
2.773216243101177536e-01 1.236661520741213632e-01
3.746658163510976358e-01 4.479361897705345652e-01
3.983863075440470802e-01 4.665852959744863915e-01
1.795553140028717243e-01 6.163756832683425085e-03
3.565893867395085737e-01 3.902895388400003385e-01
4.075071803914089852e-01 4.121813264115748443e-01
3.756170194378842808e-01 4.537570534476663142e-01
3.763865726535974288e-01 2.980256466495867507e-01
1.820416787076068466e-01 5.532269053598992681e-02
2.148843396328389277e-01 4.991182154439567642e-02
1.825544033362579421e-01 3.134977404077804453e-02
2.136327761295576666e-01 6.277840244261606584e-02
1.706355470114635231e-01 4.538416728219323015e-02
1.891200711378964450e-01 7.125556236942871824e-02
2.189734901037926895e-01 9.167691041407378949e-02
1.679494248862462014e-01 6.214116843348754110e-03
3.581312009224728587e-01 3.351685624818587783e-01
2.802967249552194007e-01 1.146730896704944297e-01
3.111039176589711630e-01 3.086703651694217010e-01
3.775949782049276005e-01 4.014293533761143506e-01
3.055570889239180854e-01 1.683496839396949885e-01
3.815200243451630779e-01 4.089502275272576814e-01
2.056122596170423811e-01 1.155275137697249835e-02
3.855664128484470599e-01 4.272195988922062315e-01
3.339574621297992651e-01 1.127038065366734038e-01
2.046085946420176382e-01 5.818116246175163153e-02
3.208988367316406576e-01 3.290457794281462234e-01
3.592057720683882738e-01 3.682750188046939877e-01
2.298365198368975126e-01 6.375220607030644693e-02
1.182625135840793124e-01 1.451609103009154564e-03
3.958105981973705778e-01 4.233691743593468448e-01
2.075492969946543531e-01 8.874510304148719442e-02
3.710164232570418719e-01 4.250861171983976727e-01
1.870626661902944354e-01 3.602742831224885200e-02
1.367235905149701003e-01 1.462460493082659921e-02
3.915137523591702973e-01 4.043372892479461522e-01
1.657945839788835807e-01 1.445637770044535739e-02
2.112172272537375661e-01 9.522914295269109541e-02
1.543506169838989583e-01 -7.099677077949211740e-03
1.696698383800777643e-01 5.951399812221437255e-03
3.849794813821358352e-01 4.506971072655170940e-01
3.483339545303453244e-01 2.785808412204296425e-01
3.939775876891519202e-01 3.892523302568614008e-01
2.050313730592527861e-01 7.081299538326783771e-02
3.946688256414367935e-01 4.609207459047788280e-01
1.592780829571019408e-01 4.349904251916911213e-02
4.292448394733742734e-01 4.360721360989801565e-01
2.497928186938155326e-01 1.371026441768156134e-01
2.488312645506498555e-01 1.484369277452897429e-01
3.694368888719226085e-01 4.440073395249920507e-01
2.154347777119923757e-01 7.080640510808416943e-02
1.483504251069396040e-01 4.443161478029152012e-02
1.367601594134006393e-01 7.071408710627332533e-03
3.800419487590250278e-01 4.214127536458032175e-01
1.735333233575848122e-01 1.843447319822992189e-02
4.011822250932093326e-01 4.457232010171265357e-01
3.503754593628196634e-01 2.697080788903922222e-01
3.635433919344183140e-01 4.570588565973180417e-01
3.775249484878513417e-01 3.707180028914885406e-01
2.435777719236946748e-01 1.100959196544134683e-01
4.366599232156123112e-01 3.707591727052598762e-01
3.622172483589596315e-01 3.727028153786144382e-01
3.793783122900761251e-01 3.868939452203053464e-01
1.862177752297995426e-01 6.926854203605864457e-02
2.493222237038566491e-01 9.738934197556094186e-02
4.085679878859733161e-01 4.063643332948110309e-01
3.791629853103216652e-01 4.190979877790557140e-01
3.077475062386803017e-01 1.703529506338752608e-01
3.788112209657228391e-01 4.475065358470601828e-01
2.014822578243729567e-01 7.734741842973222314e-02
1.822188730035147475e-01 1.515169735832995468e-03
1.951532990861987171e-01 5.544528801173619070e-02
3.275819116499965045e-01 3.955449737052180170e-01
3.231920906534505034e-01 2.454961436022246313e-01
3.811218606272033793e-01 3.811341035453939541e-01
3.506067080406313208e-01 3.776940283096135720e-01
2.744802275093559674e-01 1.150726897855943454e-01
1.611982372115038087e-01 2.420854937619052946e-02
3.642466016034834886e-01 4.007282812129662752e-01
3.810084687495526312e-01 3.890201335502008750e-01
3.629269110806890852e-01 2.790267653166519923e-01
3.742939020200179434e-01 4.590872315055451458e-01
4.046721127257746353e-01 3.885796584445640467e-01
2.535376604125104683e-01 1.301965100757541960e-01
3.625720134174685305e-01 4.513243345480205115e-01
3.669506909270052741e-01 4.428742331416939959e-01
2.035667825733694647e-01 3.740759564431887785e-02
3.734733219718096020e-01 3.951936625396794134e-01
1.603928085958691019e-01 4.317483661204660206e-02
2.068426670060274364e-01 5.261622546270472434e-02
3.934455324728227676e-01 4.321201766886968443e-01
2.970549793452235687e-01 2.039186840614143348e-01
2.161760602245053065e-01 6.945879041977821855e-02
4.028797334663239971e-01 4.592179990016908575e-01
1.802870745424120236e-01 1.929984716810520529e-02
3.210048133805633030e-01 3.103034831651859671e-01
3.364516986564078938e-01 3.505168839238810841e-01
3.545649903454941576e-01 3.164153201799526638e-01
3.761235879742728105e-01 4.369463508124074580e-01
2.627319626583591861e-01 1.529921698324470392e-01
2.172889104325136378e-01 9.136843221418240735e-02
2.150680277421460063e-01 9.398509621492025234e-02
3.221091095409174820e-01 2.603300682596100812e-01
1.382864661086582181e-01 -3.549762943014172362e-02
3.621781243750185064e-01 4.278474344650132766e-01
3.999810605149345388e-01 4.587448148093771771e-01
3.877002176082441354e-01 4.346597509618760347e-01
3.984796453977887953e-01 4.683968142505836596e-01
3.303736270553891408e-01 3.868319524566840584e-01
3.019083849662689278e-01 1.966615321656227378e-01
3.847138035649034227e-01 4.832179141782549370e-01
3.918537501178492866e-01 3.729411602154995564e-01
3.860027056590346062e-01 3.944493016887022918e-01
3.826632794202171617e-01 4.155996168629378373e-01
4.152087657560717959e-01 3.294796299577677501e-01
3.366773499497671684e-01 2.444906285373051602e-01
2.257123292942891934e-01 8.557382975538559144e-02
3.412984478949979694e-01 3.775024867015207009e-01
2.270733547070662994e-01 4.230805961459888076e-02
2.068377225301858968e-01 8.494796241119374758e-02
1.671599705838940075e-01 2.685484364627864148e-02
1.940204690633812179e-01 5.957320442421422391e-02
3.757348182007781423e-01 4.329445177624022256e-01
3.759094391012675063e-01 4.620492968024346725e-01
3.669578544114863727e-01 3.897902235533199922e-01
3.837364804229139725e-01 4.444243215213774523e-01
3.644589670344501320e-01 4.304578306966935775e-01
3.071139800425168320e-01 1.708272337975433597e-01
2.710282452959958954e-01 1.362995750026146577e-02
1.621868078663757928e-01 2.009919616083420679e-02
1.661022609375212844e-01 1.918167788196509585e-02
3.873488171455802265e-01 4.657201935223228006e-01
3.554197971023356772e-01 3.889356160997208822e-01
1.845964097884196242e-01 7.914801755203228206e-02
3.750026120721483558e-01 3.519058299896458686e-01
2.050417828113304530e-01 8.386473784923920149e-02
2.524084431556145591e-01 1.071808580959014573e-01
1.898256618043235311e-01 3.741852050508401306e-02
2.006877589444550081e-01 7.101160806949151361e-02
3.148325077112121284e-01 2.075861244538308448e-01
3.570834373887694091e-01 3.842505531316250944e-01
2.036491794799059341e-01 5.657746476155395277e-02
3.403631823318463145e-01 3.735780744603962589e-01
4.136066302352836010e-01 3.020707256407729191e-01
2.356365670320049732e-01 8.760818895433292175e-02
3.611347644793809764e-01 2.024567719925340070e-01
1.708463553174215943e-01 3.091733544854511143e-02
3.803901986817829761e-01 4.517993279868587897e-01
1.741352167921214056e-01 2.917057376536528676e-02
2.690133128853449129e-01 1.418769619482595223e-01
2.243829851319441016e-01 9.318134839290224958e-02
1.719860744316113466e-01 2.542376601095118829e-02
3.622176775036031193e-01 4.304951862810422747e-01
1.741374883229811210e-01 4.992507825200721838e-02
2.276744856700657071e-01 9.116458423043331816e-02
2.344078796058910730e-01 6.164529032353331661e-02
3.751965223831226770e-01 3.168349812749881034e-01
3.512061180754737499e-01 2.346147424534755499e-01
4.014219950416327842e-01 4.675563737878545845e-01
1.297830895775133886e-01 -5.400123446706700872e-03
3.587168875311917415e-01 4.411203615858027560e-01
3.845650265786759725e-01 4.499889058885241933e-01
2.094641444992438872e-01 2.999773827590447237e-02
3.676906672387973973e-01 2.784975562201403299e-01
3.907250085549213159e-01 4.501285073706380313e-01
4.034454860163833034e-01 4.258870169265051020e-01
1.874940545130752700e-01 1.798729100656754759e-02
1.849859152269264784e-01 6.492323051120821309e-02
2.147896256538204818e-01 8.109014781561454943e-02
3.165502777195866591e-01 2.306601573425028084e-01
4.221541865566290630e-01 4.437503844532841857e-01
2.374929240163843880e-01 1.306582767038899917e-01
3.130076771089990162e-01 2.139573321645079906e-01
3.410855853567796858e-01 3.497923937943885897e-01
1.397153804359805018e-01 -1.650386662268697735e-02
3.721758500948743054e-01 4.129458250122254315e-01
1.965655757337810006e-01 3.642227475838763495e-02
3.942454542844813781e-01 4.123572106196805032e-01
3.761869399059617480e-01 4.866215552242318387e-01
1.844407978537440651e-01 4.482374055813806435e-02
3.589475505817776302e-01 3.316969352099402024e-01
3.917162983575037116e-01 4.735451975327448215e-01
3.840888110682070256e-01 4.433138203916056064e-01
2.005581101790980814e-01 4.910090928844285108e-02
1.667850498695654105e-01 2.467220997143155722e-02
3.860495887772685819e-01 3.962549910332476277e-01
2.227907340819034743e-01 1.134242276764431540e-01
4.081745219907850775e-01 4.037891066573670029e-01
2.671753924688653470e-01 9.612384430214494790e-02
1.951462220969175376e-01 2.687782678310084508e-02
1.673604309193905681e-01 5.998720006673169403e-02
1.713305154206142267e-01 4.390078084309502471e-02
3.191726584731846006e-01 2.444877513765289778e-01
1.764801303224066420e-01 2.910657563196196798e-02
1.669942620788067433e-01 -2.187443502548683943e-03
3.719406376984356610e-01 3.825429447038620201e-01
2.505920673376017538e-01 1.213418714582811669e-01
3.038491887393550139e-01 2.370247868137894953e-01
2.302450106737248536e-01 1.094092169317718299e-01
2.284961006953035723e-01 8.085354529336481744e-02
3.824544924075947705e-01 3.983926939516242993e-01
2.297186905793647538e-01 1.031314607081017937e-01
1.601909566011421870e-01 6.394681391644813084e-03
4.080119956476447873e-01 3.881291271415228672e-01
1.958954566357171412e-01 7.270927809161852051e-02
1.535701208041740373e-01 2.707305047778643323e-02
1.564346366614502437e-01 2.841405970167075815e-02
2.810702776425396676e-01 2.608959897275228701e-01
1.656693647922194701e-01 1.753492243458341579e-02
4.020501338804550739e-01 4.550604216496992871e-01
3.543591366851082114e-01 4.025734198133113506e-01
1.950751712862641429e-01 5.550998434915518920e-02
4.137000311886782633e-01 4.467724431123721307e-01
3.936519598753862592e-01 4.798760796481170154e-01
4.219570704050119581e-01 3.203543672741067661e-01
3.374329055653404463e-01 3.067442953256570015e-01
3.493372911843138917e-01 3.034063414438517015e-01
3.419539733316064867e-01 2.941481083118329121e-01
3.843083845836719470e-01 4.461297178308463729e-01
3.866849383031398801e-01 4.207426583667314701e-01
2.171335806830480553e-01 1.599312986049555851e-01
3.896085259869775386e-01 3.369267185874805226e-01
3.491480071541492869e-01 2.398066721773205456e-01
3.716056124569508956e-01 3.944775933805430568e-01
4.144320557719586295e-01 4.343374432593848922e-01
1.816119067860423320e-01 3.577644759931528085e-02
3.877034410570563971e-01 4.190272975397692501e-01
3.684029821569300700e-01 2.866151106174252283e-01
2.409151246214238373e-01 9.035373768974051811e-02
3.934954475662798545e-01 4.148540735517212696e-01
3.751383714752269949e-01 4.215942920203504252e-01
2.260624997243254053e-01 1.127693390032775689e-01
3.790064157460463212e-01 3.889007831878927290e-01
3.826038800638616455e-01 3.778892801643309318e-01
1.675744608290263837e-01 3.296083529967781811e-02
3.720949483401024271e-01 3.722315379736699792e-01
2.025015763569379956e-01 4.722609209876989234e-02
3.835349606856213178e-01 4.635386094724053829e-01
3.610122649450170917e-01 4.309231444866595262e-01
3.784834430970758223e-01 4.359016504123492397e-01
4.213246152086771446e-01 4.223556649973529975e-01
1.963068908207167007e-01 1.863655881638413489e-02
2.354719901655957237e-01 1.044442809420408347e-01
2.041286732303713713e-01 8.494183961131944460e-02
2.711716071782587223e-01 2.388448359211422789e-01
3.836093544420949852e-01 4.376094974327903731e-01
3.946997041861586286e-01 4.330169841239369100e-01
1.818114125169466577e-01 2.729234477102940662e-02
4.012629380319506778e-01 4.229854218123245690e-01
3.279295152306470618e-01 2.339329753451545313e-01
4.091128867347852971e-01 4.571521108769515673e-01
1.714118640897501211e-01 2.063483211801949227e-02
3.903720851938040637e-01 4.631314214057406509e-01
1.663284596369813406e-01 2.136129737952163418e-02
4.121582071403794290e-01 3.044841896323214891e-01
3.781748990627272766e-01 3.871773101246225868e-01
3.812479757728318708e-01 4.402373251948388799e-01
3.420978668012333856e-01 2.737523703205831382e-01
3.932914077461872049e-01 4.329351511885461412e-01
3.968995597586755242e-01 4.363215128362517015e-01
2.220303425342206038e-01 1.014164128977306234e-01
2.609938968796900460e-01 1.160639417459213008e-01
3.624358197479614629e-01 1.940777025697155156e-01
3.691899605654715422e-01 3.791290673260095390e-01
4.042683501665020329e-01 4.408245509624990066e-01
1.849713390262286150e-01 3.579287552013425688e-02
3.113679352396681588e-01 2.417697986374837960e-01
3.568535982966513642e-01 4.304890584494747707e-01
3.608896954733797346e-01 2.587858199484813215e-01
2.414808584443559059e-01 1.468628852485650282e-01
2.931977866958321854e-01 1.533196896884463922e-01
2.071481650267361363e-01 1.472112487708813686e-02
2.418385702069940080e-01 1.604570509247236765e-01
4.080747327475194863e-01 4.589959833547264667e-01
2.330301919321473292e-01 9.251434170329460305e-02
3.904312949137223598e-01 3.511077888679446368e-01
1.627381427746078524e-01 -1.080289537494610354e-02
1.952683802238268096e-01 3.242865698083480241e-02
3.034231692246363021e-01 1.736921837964576776e-01
1.824962878140719003e-01 5.208064944460231993e-02
4.116581436178923803e-01 4.000050054465495997e-01
3.600872733442832541e-01 4.318041656249201887e-01
2.237774122148715461e-01 1.157919805304364058e-01
