1.826147934100634251e-01 2.826625350020792876e-02
1.795083829488838545e-01 4.726092412836690494e-03
3.500542211631061384e-01 3.992988266633137884e-01
3.572233111091611679e-01 4.152324176084724039e-01
1.753667552797232299e-01 3.184950124046553865e-02
3.875627747328612704e-01 4.221034045126721979e-01
2.247809151713355269e-01 1.819899423748871925e-02
3.894436317906716516e-01 4.683029992676046027e-01
4.259493752937569822e-01 4.385940243543109962e-01
1.918951544036513746e-01 5.093830285364248089e-02
4.082753158961855422e-01 4.506115087494499405e-01
3.917337287570537008e-01 4.335048473148339077e-01
3.356430084317489904e-01 2.209938245730209971e-01
3.383434084560020816e-01 2.907401807316827291e-01
4.018438438333808427e-01 4.333890649985231991e-01
1.807648364370468830e-01 2.462134557833170478e-02
3.102141920512220263e-01 2.401229603714404304e-01
3.817930775634008622e-01 4.507467155544853110e-01
3.990376801419249220e-01 4.540000115257872282e-01
2.314460278241614044e-01 9.608332204622457851e-02
2.009405120937696743e-01 5.016398710965908059e-02
3.752273338409419234e-01 4.038075460483210311e-01
3.817595093799522887e-01 3.252601970755834571e-01
1.956329251335857666e-01 7.589887159394306804e-02
1.815237488938758470e-01 3.445041494449600783e-02
1.932701628827416529e-01 2.934633021538587266e-02
1.708210589293907011e-01 6.610822588895705343e-02
3.156916443655873872e-01 1.964426728961864710e-01
3.875139971114706650e-01 4.560600024707062716e-01
2.255092933460508542e-01 6.451274588031830071e-02
4.074173529843462260e-01 4.302852500406658676e-01
3.764219367845612618e-01 3.951648588562756692e-01
4.174717468264126374e-01 4.201364105688440431e-01
3.501768619356537826e-01 2.573109485878330993e-01
3.570620014454299884e-01 3.892915913512811632e-01
4.018539942934050702e-01 4.699483117240083607e-01
1.996246573609944397e-01 2.180649018323183030e-02
3.922175878749223354e-01 4.332288379987414562e-01
2.751441292221825097e-01 1.007162267113060478e-01
2.134245446647224376e-01 4.093554430063571503e-02
2.502462252893475347e-01 9.019230524324313436e-02
3.687236856940694918e-01 2.590930506279158774e-01
1.797827068907962567e-01 3.428655041644507184e-02
1.565974422577284253e-01 3.769726518877713345e-02
3.851080960390510510e-01 4.892878874419688828e-01
2.210413328499920005e-01 1.137601874875947550e-01
2.039585066101781419e-01 6.792533244115858682e-02
2.206948442595731419e-01 5.036545630792504946e-02
3.960931269350854156e-01 4.324809266126758422e-01
1.956640188010842496e-01 6.214470408877136032e-02
1.692205807401239159e-01 5.214050200989779615e-02
1.701954467626724254e-01 -1.777572237641219383e-02
2.242702957229493754e-01 5.697838245132857971e-02
1.876509612148289374e-01 6.889128738921118655e-02
3.896044945013428240e-01 4.059946753266115982e-01
1.700593193338446052e-01 3.273451679954691995e-02
1.890674686673453619e-01 -6.094933574077880147e-03
1.661076808298594387e-01 4.341376549046487704e-02
3.297330545279979486e-01 3.666179397538398277e-01
1.848014951709283926e-01 -2.282560583315028542e-03
3.829951187856096562e-01 4.662782811320028142e-01
4.071515979219427761e-01 4.422594600514748175e-01
2.673288841840871788e-01 1.910221338681626913e-01
2.091138533425258295e-01 8.240459071354871989e-02
3.700245364702271500e-01 3.386728819136194946e-01
4.129138835918758632e-01 2.922854276557680375e-01
2.219582568615698914e-01 1.085863641065919483e-01
2.971025705363378733e-01 1.499693302486943269e-01
3.808561054699235449e-01 3.661636779130708619e-01
3.642941430769349731e-01 3.659483549138584646e-01
2.206627980976530179e-01 5.658193531775088103e-02
2.127416072741765973e-01 6.446404961146032231e-02
3.957792407339027485e-01 3.900775796030006570e-01
3.918053130254404715e-01 4.029910890738532259e-01
2.462068592383472865e-01 1.064322991592386858e-01
3.536073591190682652e-01 3.857560344762268612e-01
2.046893410583945638e-01 1.189477906849366884e-01
3.605954459623941233e-01 3.735687736907180034e-01
2.171759662727602014e-01 2.765016878970673331e-02
3.728174325086282548e-01 3.195869045514597162e-01
3.617637763719996347e-01 3.946540645972543282e-01
4.001212570330284213e-01 4.426915297709985153e-01
2.258612465644805056e-01 4.897544889781264843e-02
1.940939367752119449e-01 6.667205369712309038e-02
4.166219002829495421e-01 4.651161266457066179e-01
4.090142945197680624e-01 4.364932522371755552e-01
2.067032169794230656e-01 3.853187290886674055e-02
2.163996171228779464e-01 4.238054944617081904e-02
2.531865380019427958e-01 1.057752118951825054e-01
3.701263455263973379e-01 4.331329281090166572e-01
3.761701104227984649e-01 3.826197941264895541e-01
1.537712605389523202e-01 1.024897408004718513e-02
3.736990797375537854e-01 3.791157174334811031e-01
1.671146689780420302e-01 5.222637728662231360e-02
4.011031118075977231e-01 3.830776473572060081e-01
3.822568935748584251e-01 3.880748009974836488e-01
3.875595409749441611e-01 4.261973202471332489e-01
1.815173788538463617e-01 4.294601508690489705e-02
4.085235234300312879e-01 3.314100764294554691e-01
3.076438912207850596e-01 1.875633074456162785e-01
3.900617345633277111e-01 4.305844216763536347e-01
3.907645258435404889e-01 4.558603602627869233e-01
2.544843996671435349e-01 1.441006593404287606e-01
3.872600548972003898e-01 4.344051679352520234e-01
2.232115085407402610e-01 6.915773424467951125e-02
3.902264551922779434e-01 4.296614400779198428e-01
2.251229787909008184e-01 4.629159238200200588e-02
2.648255603396401092e-01 1.213424380346697917e-01
3.502357461932689153e-01 3.131367634136627554e-01
2.988537131587432061e-01 1.619778892622709132e-01
3.819634244937984979e-01 3.864433025092691154e-01
3.736987068005201973e-01 3.458486208062033218e-01
3.376130702258173244e-01 2.585625134687254412e-01
1.834513875477556955e-01 -5.377328369932370990e-03
3.979636649665335701e-01 4.541260872463452336e-01
3.983250678850482340e-01 4.612452113449563851e-01
3.821563383258030910e-01 4.053369192181844327e-01
2.445611551437745224e-01 6.067160162165409487e-02
3.918557213655797788e-01 4.369209829486478402e-01
2.335595857861060831e-01 7.878721742706697173e-02
3.794447996102439102e-01 3.917513078691319817e-01
3.099699316108218694e-01 2.184618112926433597e-01
2.365551116080414351e-01 1.173566046553891351e-01
4.027609352876368454e-01 4.515872058080214191e-01
4.439717828614418993e-01 4.256539923153381810e-01
3.903706355520504268e-01 4.131541765790140430e-01
2.380538044900885886e-01 3.364950356986701197e-02
2.447687805122634730e-01 8.425851774698273067e-02
2.734328792002146402e-01 1.398386400974425126e-01
2.270916195679936189e-01 1.056528487923342752e-01
1.503391241638888931e-01 1.487174070148616911e-02
2.079098097675660950e-01 1.172620885036520649e-01
3.941339423928149066e-01 4.333884549216894255e-01
1.919801202695392561e-01 2.053169626840029710e-02
3.728713447452978169e-01 4.184124490225443194e-01
1.873260739594787561e-01 2.183874466224755909e-02
1.618689529079490319e-01 2.299390282989845213e-02
3.630874074443682931e-01 4.062486566450070335e-01
1.875135284426964755e-01 7.074725403873326213e-02
1.981573489799918764e-01 4.090790009500992058e-02
4.143657581117462518e-01 3.881530590673873404e-01
3.569896951090076875e-01 3.098536135384781232e-01
2.441404559224452653e-01 7.997610135093481676e-02
3.871467761763884297e-01 4.216390181294178974e-01
2.335396782329686172e-01 1.075209533874803419e-01
2.639812867432897447e-01 1.269398195805505336e-01
1.822514960020055752e-01 1.952573236290232328e-02
4.163618489452086679e-01 4.336247621451275736e-01
3.917733834471651688e-01 4.285215585185693787e-01
2.025933002223545276e-01 2.131882930083237385e-02
2.313836881043950244e-01 4.695256029841953643e-02
3.301821156293917037e-01 1.883795459312835041e-01
2.068924915007998022e-01 6.423305662613211509e-02
3.972475398764859778e-01 4.688205863683062580e-01
1.675672292646714634e-01 2.424276285226628289e-02
3.750292087100584038e-01 4.362245172641198154e-01
1.873737065449348482e-01 4.904833683552960871e-02
3.836943565083784091e-01 4.531517678921893055e-01
4.485540779180068327e-01 4.134210130141317552e-01
2.325378410011490760e-01 5.772789834039376844e-02
2.790326427768346496e-01 1.180400614889374894e-01
1.865252824327387760e-01 8.167922464199724869e-03
4.330411184900950783e-01 4.085350074929584019e-01
1.769398829733090373e-01 2.613966365520625085e-02
1.988647928184185121e-01 2.264540655026926058e-02
3.747334290547127966e-01 3.781117348756624641e-01
3.762134128989539916e-01 3.960870753044563042e-01
2.091120018091874033e-01 8.380911669582948031e-02
3.752782200363820042e-01 4.433573539069399772e-01
1.935965715324981795e-01 2.736334627518573898e-02
3.641578330140146091e-01 2.815607274380286795e-01
1.849883123926631678e-01 3.106836599066038762e-02
3.054614787301018763e-01 2.104529310640596562e-01
3.159638013281420577e-01 2.069196872205389948e-01
2.643491865496211402e-01 1.292030752085673029e-01
3.031527440930258388e-01 2.371373057413924124e-01
2.071904151941025840e-01 7.573045965453276129e-02
2.529271077814466695e-01 1.298116627213701524e-01
2.068432233075969684e-01 4.443115299219939363e-02
2.471500556369976009e-01 1.128866919286529574e-01
3.878355586684377188e-01 4.033072766330658143e-01
2.403002933408745490e-01 1.182708287774351386e-01
3.655405147798034271e-01 4.390161267094216391e-01
3.892086670434233286e-01 3.956854107321099434e-01
4.024332513573706249e-01 4.234975967558129994e-01
3.559962040298279562e-01 3.867151500514712792e-01
1.677105020049070305e-01 5.491510822222162025e-02
1.991232763983100951e-01 3.869991909965334043e-02
4.063526774737811209e-01 3.773647517210714786e-01
1.801217262059429391e-01 3.796107899181826173e-02
3.728901175108237931e-01 4.201822453073633112e-01
3.895391646574098976e-01 4.352962054877115849e-01
2.256002128180298050e-01 1.243403873609283949e-01
3.969543205123291507e-01 4.240425833680288026e-01
3.520886744679376790e-01 2.789396426089167380e-01
4.083352405456961987e-01 4.337355207852766070e-01
2.603674017671909202e-01 1.254790295604745476e-01
2.262467453594386724e-01 4.139388790554326958e-02
3.895303586671448048e-01 2.934844902637787634e-01
1.595956806022352237e-01 6.260480111353909291e-04
2.297505957985553904e-01 4.308016137712800120e-02
3.469198337949130906e-01 3.889924223226488009e-01
3.745629988242208386e-01 4.336283163828173470e-01
2.210008886833536301e-01 6.330326286379864276e-02
2.369309375815265573e-01 1.025954440053122724e-01
3.069716294165237835e-01 2.419602151817335234e-01
1.681331345286054546e-01 2.687479312768418366e-02
3.694638494028363862e-01 3.622670440782622681e-01
3.543511529605552490e-01 3.926087232091278190e-01
2.999936404442441473e-01 1.857183052189240735e-01
2.243137685620086863e-01 1.055942589326091946e-01
2.204922943397506496e-01 6.435360259711128683e-02
3.897504063389289342e-01 4.533450216129892296e-01
1.718335925201453507e-01 4.994624803772457038e-03
2.151040631860839381e-01 6.665781775855385283e-02
2.251850159202873347e-01 5.408210873703834382e-02
3.893825081371196095e-01 4.074719856404109275e-01
3.858491421404027788e-01 3.774833040295650366e-01
1.511981630571868074e-01 9.701938361063207339e-03
3.671944271575048324e-01 3.286076737925260338e-01
1.559177161925451582e-01 1.201835947110982059e-02
2.193409142574120896e-01 2.538531110118595613e-02
2.210279861918199307e-01 6.079553520537807343e-02
3.284985044933526055e-01 2.569581566932933603e-01
3.914137957113497102e-01 4.491571134026265955e-01
1.933201203516277944e-01 9.007496818678040196e-02
2.103190464593603370e-01 7.541437815586264637e-02
1.855677047067565977e-01 2.364645569428281899e-02
4.126084399329650321e-01 4.441338135316731939e-01
3.962265602598376013e-01 4.266828568788038623e-01
2.568916972310351099e-01 1.198794732083524328e-01
3.921996762312992546e-01 4.346754268511502373e-01
1.891359125373596184e-01 3.381322045660978964e-02
1.915926849197770454e-01 4.498890609965766618e-02
3.163770158904126717e-01 1.746161103652693336e-01
2.061776749942469678e-01 5.131064779677696475e-02
4.214929639588357868e-01 4.020748625005041155e-01
3.458526382253174214e-01 2.717346820658685380e-01
3.768806504767231447e-01 4.087549095101474239e-01
3.267185688187876913e-01 1.757835410238352825e-01
3.920238830020663645e-01 4.435636392504843095e-01
3.969356137839867849e-01 4.202343280221054189e-01
3.871361914493261502e-01 4.415765969617236331e-01
1.943039860197292579e-01 1.185490800578035686e-01
1.968398079907953124e-01 7.828668557694849761e-02
1.673670181874502283e-01 -2.184186284997467753e-02
1.994826481873949175e-01 3.965571614875907508e-02
1.652885636736722008e-01 3.931732200795288318e-02
1.620058654701433953e-01 2.645046709371362721e-03
3.332860982238688430e-01 3.270105316782345728e-01
2.185187430304928458e-01 7.935979900671444320e-02
3.914541719076485293e-01 4.594639571546680901e-01
3.779502205493927569e-01 3.693571323552733987e-01
3.633127194525122561e-01 2.625162061346237308e-01
3.781738700060019998e-01 3.916788890737479822e-01
2.376563153005972207e-01 5.109778506029965389e-02
2.244331695830311113e-01 6.561303518004521496e-02
3.781750357050132072e-01 4.182718840359974100e-01
2.179604940066948160e-01 6.522898867570030290e-02
3.936232369876518367e-01 4.506349156947380696e-01
2.054815465318245160e-01 2.920634903743506150e-02
1.798410260814628514e-01 3.919814071958752089e-02
3.854224574634549372e-01 4.607323622317105460e-01
3.318355207911483085e-01 2.298925737749020204e-01
3.932443683908277143e-01 4.321168750564023942e-01
2.079650407740553097e-01 5.441586656476180006e-02
4.086448138685794262e-01 4.078259897396598888e-01
3.620813183218926090e-01 2.761041719880887313e-01
1.910841518641063774e-01 5.884908047885173410e-02
3.859516355020854439e-01 4.173211373241292876e-01
1.943069591255118245e-01 -2.243122344484606984e-02
3.873329469696269456e-01 4.547031128300961234e-01
3.782871955094505578e-01 4.284672193295672171e-01
2.024046662899921523e-01 6.366948030297749084e-02
1.828178376468679867e-01 4.556767471958252103e-02
3.961451528510627762e-01 3.671580179903657926e-01
2.959477630983576857e-01 2.170228364228935503e-01
3.172915339905241217e-01 1.928574238109275751e-01
3.609060940762851555e-01 2.787951555336237175e-01
4.034205377730766262e-01 4.268660341926693857e-01
3.891992180917540622e-01 4.353004324227112698e-01
3.814605129987854171e-01 4.033708533035345600e-01
2.356258509627073283e-01 7.626100260244106366e-02
2.087663384590519033e-01 3.100025273661320691e-02
1.784563732278969805e-01 2.129289600826532979e-03
1.511489017560205261e-01 -2.387943207721977129e-02
3.793979713630036832e-01 3.878368515927104743e-01
3.914844454522170558e-01 4.705482592952630050e-01
2.362690381838164211e-01 9.461799142138822838e-02
3.893066571814769450e-01 4.094500070944129821e-01
1.809923709447289475e-01 4.116677033110060363e-02
2.205108831536102543e-01 9.977621977006720377e-02
2.055973700754998856e-01 8.055509227543583561e-02
3.902287002786353209e-01 3.941223951300689143e-01
3.935656653147607820e-01 4.411426390604304415e-01
2.463166000046327353e-01 1.365301451293925161e-01
2.076142516549576156e-01 8.155494907376788227e-02
4.063193685263601918e-01 4.028993244450255751e-01
1.694238365962364434e-01 4.411299015741921431e-02
3.755548455122739715e-01 3.377461926462655417e-01
3.892825324579991531e-01 4.184419134233378634e-01
3.930520592284008075e-01 3.981110830375374499e-01
3.285612807700638571e-01 1.790426429627087479e-01
2.610052679535279641e-01 7.253208046714722246e-02
4.059089230835153383e-01 4.745794731545165401e-01
3.648057221537011063e-01 2.940640284318236097e-01
1.969275805123759937e-01 5.192036714495233685e-02
1.767681540253422945e-01 1.998957716962176251e-05
3.720933378820967530e-01 3.685203929826417202e-01
1.948664126320074630e-01 4.541861321449540932e-03
3.381381253539592069e-01 3.860722764902498327e-01
3.961661543300477595e-01 4.029766475943460935e-01
3.955903958158355493e-01 3.703046244547225085e-01
1.608377876301718690e-01 3.368361737881975237e-02
2.087265071497507174e-01 1.063511723928698000e-01
2.431615378902091673e-01 6.543444993598521164e-02
2.053757172608758896e-01 3.004049346776512669e-02
1.412928413115232540e-01 1.872165003702006697e-02
3.794266849122185370e-01 3.974602093394682956e-01
1.517185969791396138e-01 1.930870458315616690e-03
2.365403536528102035e-01 7.608360081866366587e-02
3.391521653940232639e-01 2.463554697142081862e-01
2.513210767398318946e-01 1.095395689420881613e-01
2.047460583893221941e-01 5.196949288233646685e-02
4.126934078232741276e-01 4.293324640627752542e-01
1.792349775517348975e-01 3.193009765010517559e-02
4.002702665317028341e-01 4.610918374244954987e-01
3.369989593343046819e-01 2.091174531733853703e-01
1.610185019952042051e-01 5.068800393052724784e-02
3.879502259018899890e-01 3.721980526949000834e-01
2.260928375370253041e-01 5.193221236703127186e-02
1.927152820569302261e-01 3.693577493272633128e-02
1.908908382410027804e-01 3.248757068913455531e-02
3.981714896406519655e-01 4.531970080222053054e-01
2.992792298580089216e-01 2.022625067720598691e-01
3.899094103871304506e-01 4.349453518130814156e-01
3.740967887156805283e-01 3.827731745604622815e-01
2.350387472521362486e-01 8.877154994451390280e-02
2.279141496723524063e-01 3.562409155197284599e-02
3.911485991436547405e-01 4.133340008335604221e-01
3.905359859906226694e-01 4.313170979070462541e-01
3.841243940771802423e-01 4.102840864774640051e-01
4.023911033708234553e-01 2.981344373785925206e-01
3.394589199416780945e-01 3.158863906965926338e-01
3.948108790315620897e-01 4.292338359380147295e-01
4.020095262428144411e-01 3.901933170481201030e-01
3.358200689777736114e-01 3.699288379188612752e-01
3.896655903639603680e-01 4.138919864572110918e-01
3.156004458105840516e-01 3.112116983534407022e-01
3.860953112865325165e-01 4.068510775736157714e-01
3.710074259062969837e-01 4.172278935511247178e-01
1.863261356532248669e-01 4.629543568050230838e-03
1.772751476414757277e-01 1.719877782383078674e-02
3.735036192679090927e-01 4.587711836737534132e-01
2.345856208433168000e-01 1.091384502026392089e-01
3.953640763579640005e-01 4.632747877919818347e-01
3.721750618213275907e-01 4.341031120251276909e-01
2.206760260627296799e-01 6.955642441890858008e-02
1.803973022775086088e-01 3.979397629619195291e-03
3.849048924630821267e-01 4.542737055316158346e-01
3.844553756230876806e-01 3.733528439753336370e-01
2.416462190694518841e-01 1.091378462473566735e-01
3.673966261267117561e-01 4.216714651416495485e-01
1.805830916909454409e-01 3.536838438471574808e-02
3.841912613801338194e-01 4.345182777143850594e-01
2.371095450856340880e-01 9.812068998577591628e-02
3.943927954252127166e-01 4.226883893524270852e-01
3.738114738761823541e-01 4.506608477750196351e-01
2.229869989189297019e-01 6.460614413605024475e-02
3.827905925798585907e-01 3.848415604702970505e-01
2.549379624273780953e-01 1.910709483870835501e-01
2.047652140349169314e-01 8.060295194392257806e-03
3.523263730657077986e-01 3.401160559258252780e-01
4.130746301846893731e-01 2.257859474574478997e-01
3.664757542835993531e-01 4.305076666913769667e-01
3.749008340092702118e-01 4.433932670339476023e-01
3.703124385837837096e-01 3.720216845725833332e-01
3.727365800525526129e-01 4.057689359581443944e-01
2.049405333028548881e-01 7.388197654457941133e-02
1.593569980960353738e-01 4.014619491360465336e-02
3.737567590802943762e-01 3.618897154490228751e-01
1.704800077669074987e-01 2.363998330680069232e-02
3.510687949356665616e-01 2.959754038066823023e-01
1.912445736831616117e-01 1.017798947424203293e-01
2.351818646011188396e-01 9.753977023436315175e-02
3.887866572278602106e-01 4.770543404280121469e-01
2.678140929500038014e-01 8.401007822482525755e-02
2.052055978604385711e-01 9.284835753160587679e-02
3.435166008600665233e-01 3.243876631473536221e-01
1.833986184296918509e-01 5.362613010272337249e-02
1.928761078643559390e-01 -6.109301419309672194e-03
3.885789146371142477e-01 4.204978378381812876e-01
4.076597988916843551e-01 3.715482384029425988e-01
4.405853779024290207e-01 3.838908397799757344e-01
3.594826514029613174e-01 3.191644390237676210e-01
4.056882380062417637e-01 4.664243468687934713e-01
1.753894549682314397e-01 2.243532358051628615e-03
3.928076568779322875e-01 4.765996893534960033e-01
3.522255739546340525e-01 3.899821042836893459e-01
2.536377655827907196e-01 1.352434594397780576e-01
3.831223254630015118e-01 4.164515359247438764e-01
3.853671667169745740e-01 3.106000102441997535e-01
2.136577469803815077e-01 7.786974783702307890e-02
4.215721761816165758e-01 3.414792958281842039e-01
1.781848069889289121e-01 2.464181780973605240e-02
3.595087028601778312e-01 3.927764001882205758e-01
2.119089018571211624e-01 3.074484232489475832e-02
1.794933098285596551e-01 5.185248763698169921e-02
2.562409223112188661e-01 1.114965216695357475e-01
2.594972213031220276e-01 1.756318403602457612e-01
4.122031272337890462e-01 4.385177490610922546e-01
1.724289072806912682e-01 4.407315364269258351e-02
3.768539492500515564e-01 4.374802865714239597e-01
1.650442205763664738e-01 2.277653262714441143e-02
4.046778726636015011e-01 4.230584339790857684e-01
3.840749862606345211e-01 4.065523973816062009e-01
3.806546453556010068e-01 4.294720597270991758e-01
3.983423116997952818e-01 4.615602258470709041e-01
3.424169143645441893e-01 2.813683668838778407e-01
1.772572965321877470e-01 3.707021997122043194e-02
3.871386547673866807e-01 4.591170977818425647e-01
3.858861068398619087e-01 3.993216207154860475e-01
1.881669384976200621e-01 5.126457063186533325e-02
4.373035704728183148e-01 3.868978273257074330e-01
4.124831747439403618e-01 4.515065402132398265e-01
2.448284892028913529e-01 2.355605240384062160e-02
2.115221229655866453e-01 3.650392753032481036e-02
2.159905673415098426e-01 5.244735591112946460e-02
1.779957663134282830e-01 -4.650873953292887150e-04
3.012251015431149370e-01 2.143558675808681091e-01
2.897814414543902206e-01 1.128871837019105873e-01
3.963059068805958596e-01 4.464605283294194593e-01
1.852945242682171867e-01 1.821717673325040296e-04
3.507666265648655690e-01 2.016898525688892163e-01
3.658925751082114930e-01 3.625522264847120812e-01
3.787776249958673680e-01 4.692172500548779102e-01
3.800575378572904062e-01 4.164158757108020747e-01
3.993822809757744396e-01 4.472371815729513367e-01
4.055942159845671302e-01 4.005821763777434596e-01
4.110459845261065226e-01 3.550002303677924353e-01
1.634732915461617475e-01 3.562808701649057552e-02
3.981354383088037130e-01 4.420127020914255134e-01
1.740170251821960834e-01 3.407387501289597248e-02
4.008064789303628084e-01 4.325024689144226775e-01
3.729163252925635774e-01 3.883910119265988614e-01
3.867181292984123164e-01 3.723185797120142082e-01
3.767020932602270777e-01 4.362849850285799858e-01
3.463732212933546273e-01 2.422167981989149510e-01
3.097971540872768159e-01 1.981035591895349002e-01
3.527632710725848719e-01 2.585383565621425239e-01
3.728596518454386777e-01 3.158005734449660373e-01
2.437357290172976199e-01 1.350667532355188660e-01
1.851975309293623084e-01 4.730391208783334828e-02
3.450804419677463430e-01 2.644083650584224121e-01
4.001622877914841059e-01 4.420587484833218839e-01
3.722242336925097872e-01 4.140010319268961347e-01
3.574679082598234414e-01 4.087808407094584151e-01
3.326328078932430099e-01 3.871179288932283802e-01
1.820849492832147254e-01 -1.704170514689203053e-02
2.705587035201682533e-01 1.206712258805744120e-01
3.302816026984353170e-01 2.266838519495250337e-01
4.055514841925572100e-01 3.982677303466398144e-01
4.052774658636073557e-01 4.525001169191196770e-01
2.317841685133697205e-01 1.124522589678712825e-01
3.453907938418681600e-01 3.605672275892703449e-01
1.906707789078138093e-01 3.070007676421771664e-02
3.690722516229310024e-01 3.607961447484974715e-01
1.765358895268656636e-01 4.703112317806133758e-02
3.625115566336398754e-01 3.917077219306169811e-01
2.031725991468023018e-01 8.103408858107277735e-02
2.107344881058827446e-01 1.581760161231170192e-02
2.129230318173762626e-01 5.376910725409679570e-02
2.336758374533798310e-01 7.486959442420383637e-02
3.914552290668201762e-01 4.304853587762562661e-01
3.913736092228518038e-01 3.058284282539085464e-01
1.967890372872000415e-01 6.312046679363790547e-02
3.816176327059740414e-01 4.234751912521202977e-01
3.847371499786744753e-01 3.477848417328106012e-01
4.313950323521574814e-01 4.118720108553262649e-01
2.037377530565411543e-01 8.139050890666126026e-03
3.668795539257945215e-01 4.304650899124178309e-01
3.963221833981054321e-01 4.260500672044115755e-01
1.799729791822053393e-01 5.125755938106969778e-02
2.317731916798764780e-01 1.505203545580275637e-01
3.746774607086058584e-01 4.011352610110258676e-01
3.866396736212824869e-01 4.205790424220423041e-01
3.147003767079072367e-01 2.576220210107068032e-01
3.783317607551862638e-01 4.138297812469736159e-01
3.948704343879488876e-01 2.800305989116436689e-01
3.904785222255469090e-01 4.449417850336483959e-01
3.769425008158636681e-01 3.879666807964413655e-01
1.863498719298214146e-01 2.134681548997833384e-02
1.855821527609130550e-01 5.465298861593272800e-02
2.477023761554035808e-01 1.023983731727947377e-01
3.750040720813735962e-01 3.754920980895579130e-01
2.304151859863031171e-01 6.200810499346422200e-02
4.197233626742637447e-01 3.609165639279833804e-01
3.604370408345896060e-01 3.801475473215366607e-01
2.108250572624124630e-01 3.035280145298793059e-02
2.169996124044270558e-01 5.456725080750097351e-02
3.203341239127309170e-01 2.890428297835243021e-01
3.836608682953593918e-01 2.929044792180049428e-01
3.790735185164300081e-01 4.366236533890638372e-01
3.733107306625858546e-01 3.599694520212944893e-01
4.016668366469939855e-01 4.414345824929099549e-01
2.044266537204885437e-01 3.536838029689419460e-02
2.947866847010784386e-01 1.672695381204033771e-01
2.279809182166462334e-01 1.201364473247575893e-01
2.691182869800382016e-01 1.865451748814546395e-01
2.082696484966277961e-01 4.069392506041388802e-02
3.723044408109303927e-01 4.049297232572972027e-01
2.537182994462095498e-01 9.610763504137567748e-02
3.842119099356430256e-01 4.741224900895039673e-01
3.910137185355591072e-01 4.096185139710129541e-01
3.630303406068764449e-01 4.515522678718904559e-01
3.639381685419308399e-01 3.851491564538800927e-01
3.772441314291725689e-01 4.182167353674402510e-01
3.678884228383092481e-01 4.042891123624319794e-01
3.073532495355014715e-01 1.721871313446692864e-01
3.994233343615181120e-01 4.668654333176344706e-01
1.918845894950998165e-01 1.629976528433507016e-02
4.255927877156072126e-01 4.326456789211555187e-01
1.964033572948248318e-01 -1.451837805752112694e-03
2.003348915145634346e-01 4.036060880942334006e-02
1.895649548268212858e-01 3.899234458982117624e-02
4.000042655603430197e-01 4.169460358881401096e-01
2.480085226845076818e-01 1.008228950765653054e-01
3.932445045423051955e-01 4.429834771848962238e-01
3.680706695816412521e-01 4.396084570583100870e-01
1.702157872447768727e-01 5.912743153774098481e-02
4.001891942412106884e-01 4.655978084511302462e-01
3.928088082591162933e-01 3.849062933858284907e-01
1.973628634206909260e-01 -9.281030246681781781e-03
1.834227811957416798e-01 2.014745931515002017e-02
3.680218984437467755e-01 4.242136447949033107e-01
4.006981156608412364e-01 4.287578730728506815e-01
3.870365144349940945e-01 4.337953805332427915e-01
1.901201524694923206e-01 7.310644784905469262e-02
3.057669807276603979e-01 2.091737182096561343e-01
3.960582061679399080e-01 4.541967246134986369e-01
3.194254914473345086e-01 2.099516525533978717e-01
3.802031250887729641e-01 4.637915223307872981e-01
3.843965789942701550e-01 3.857670122788684486e-01
1.703148556712361927e-01 3.077648073997926725e-02
1.477370044259379289e-01 3.037985457701192216e-02
3.725977537650585480e-01 3.717579525646134697e-01
3.994788778550570352e-01 4.737592745948222550e-01
3.783404078389549507e-01 4.470464821820927526e-01
3.451655950658851224e-01 3.872863158144052020e-01
2.137861625440056756e-01 8.133824968941072431e-02
2.357103312279418827e-01 3.831911973846686276e-02
1.495850740362959508e-01 9.357265051831521740e-03
2.214055076287346491e-01 5.647563677109608549e-02
3.858853399990636035e-01 4.717580759619785513e-01
4.335632535520957953e-01 4.206122349007996863e-01
3.913024011611691000e-01 2.701040159568802723e-01
1.802779911858767847e-01 2.992047688349205176e-02
2.672360817998998828e-01 1.428946118715667679e-01
1.739444493275860149e-01 5.496596082651031973e-02
2.850598622944500726e-01 1.712208833315647938e-01
2.883744832387695745e-01 1.763222938605114587e-01
3.985091520136243015e-01 4.095238210088636976e-01
1.206846749487940629e-01 -2.099056829730378340e-02
1.779387133213815309e-01 5.872849959210729720e-02
1.773097431344671515e-01 4.334604939467261858e-02
1.683075331767414085e-01 3.874850713950377806e-02
1.856425371678818714e-01 1.224737485214940497e-02
1.728403588225369547e-01 7.594601159849528015e-03
3.960318215831241107e-01 4.109676441824448578e-01
4.188854071555877523e-01 3.530434534952209824e-01
3.519929078343230766e-01 3.537954038516951116e-01
3.725984829639033546e-01 4.718710970229277879e-01
2.108526235933256832e-01 4.347928109253534207e-02
3.798530749646248372e-01 3.855806250915531641e-01
2.123606220479974938e-01 9.129925182432278852e-02
1.906324240087390320e-01 2.605086705996523776e-03
1.595443733536529574e-01 -2.808242512331208737e-02
3.515177627937267069e-01 3.151819948284366180e-01
3.782500151824301216e-01 4.440080212541865357e-01
4.014971151236030322e-01 4.567912414767799634e-01
2.063564240429797692e-01 7.836854887963108640e-02
3.457155657243529689e-01 3.773258955767438416e-01
2.515397296594110710e-01 6.721555862004283122e-02
2.916635731133785381e-01 2.161826606524900329e-01
3.801312261334254261e-01 4.483935685972645913e-01
1.877502935639637494e-01 6.174078584839101658e-02
2.773284930802916715e-01 1.149746671373585993e-01
2.081131610144276445e-01 4.651893642255525846e-02
2.625223827716752223e-01 1.463184596887748545e-01
3.200589527935551182e-01 1.908395966022558010e-01
4.146415876431590042e-01 3.634139690054029592e-01
3.400799163460560548e-01 3.520987757830887355e-01
3.904486015527771636e-01 3.942056741055944835e-01
1.645619521879029545e-01 4.129637533433710289e-02
3.804205548580434360e-01 4.390532971175359900e-01
3.360690781742854405e-01 3.785324765127567326e-01
3.015334860381212456e-01 2.296672466810957269e-01
3.737826877085717037e-01 4.231762234621618268e-01
1.733663658026605436e-01 4.855611284060363381e-02
2.122101552194569085e-01 4.742135088076263050e-02
3.809663763631438993e-01 4.155334433686621032e-01
2.484202859037005773e-01 4.211883686497228108e-02
2.021377837464409799e-01 7.691767587691600294e-02
3.863314462936443539e-01 3.929306721481397591e-01
3.974182070037678427e-01 4.129717577371090909e-01
2.534212446294311638e-01 1.185160291066785776e-01
1.597121465964912446e-01 2.678172029216236566e-02
4.271266853158510735e-01 3.892038171530592394e-01
2.962684003200972693e-01 1.041111750476951953e-01
1.868940681892789502e-01 6.750218485107056798e-02
2.480521051639453800e-01 1.172233429579783992e-01
3.812556013844171088e-01 4.800845476624513997e-01
3.754632758291318595e-01 3.590391294318575066e-01
2.257431915589049876e-01 9.486136859182942027e-02
1.942417245141241366e-01 5.329856454644900376e-02
1.936618091353364268e-01 7.429241771539707440e-02
4.069644840818060771e-01 3.776951977440674013e-01
2.208880383026057270e-01 2.328694630313258782e-02
4.080472839832294252e-01 4.144676824183744501e-01
3.896770826431164569e-01 4.018064454426978904e-01
3.766179879950798393e-01 4.568354359283487987e-01
3.982243956382702788e-01 4.330081645739188856e-01
4.178690385298732268e-01 4.503521788878085963e-01
1.910623084181530262e-01 2.030879983646008760e-02
1.325122253199922662e-01 -7.316279228141220510e-03
2.130477756810670031e-01 6.126994100743822502e-02
3.047549755323119003e-01 1.715102929280692412e-01
2.021722090314223008e-01 7.079995080309610389e-02
1.872237511786866426e-01 9.902948746100849464e-02
3.715955310879566209e-01 3.771942753613856669e-01
3.901529443022537236e-01 3.327579652457969828e-01
2.195150948887659159e-01 5.379069657784706776e-02
3.704735909927957538e-01 2.654766118310850631e-01
3.927039548801990465e-01 4.377139381494130621e-01
3.710037748578228767e-01 2.963864440778832265e-01
1.882937917323538879e-01 1.741655589065108783e-02
2.208524248560718439e-01 7.110788801214407151e-02
1.706716011496884899e-01 6.893881910524722600e-02
1.841900288572972944e-01 4.979674220268760776e-02
1.408712074904095446e-01 5.578726955919237861e-03
3.733901659882293833e-01 3.858478635093204878e-01
1.827944523570667057e-01 1.430828155202549037e-02
3.797732281046206637e-01 3.905735073016121106e-01
1.795185239583443615e-01 2.673259957220594507e-02
2.332893680295651528e-01 9.373662219117072369e-02
3.721205761499937203e-01 3.677378917451375462e-01
3.881082279982853711e-01 4.428067937593728742e-01
2.158967145829235879e-01 5.084499717665044022e-02
3.774666272946661794e-01 3.815755428033388852e-01
4.063240920752973495e-01 4.203747720679519295e-01
3.887207918910641768e-01 4.439127259032880080e-01
3.795445309570821824e-01 3.721877590464788277e-01
3.473508868315515752e-01 2.019740716998560115e-01
3.352962637276890034e-01 2.660011837552238023e-01
3.702345028657920700e-01 4.705576639487380475e-01
1.919726531255592228e-01 4.602081370935501292e-02
2.343477321510503975e-01 7.570409266575181539e-02
2.084092446212608696e-01 9.743116357536728278e-02
3.130254174845913395e-01 2.616229211547392297e-01
3.897044361340183394e-01 2.886985804281501644e-01
1.760138388107531648e-01 1.548501312636412636e-02
3.824874987561917572e-01 4.156811323387706314e-01
3.921914766797394147e-01 3.433907016487770525e-01
4.154146269290226456e-01 3.239401068409253348e-01
2.276869853314465453e-01 8.107321254069237149e-02
3.976705946655317847e-01 4.476318636022845743e-01
2.800488811495027153e-01 1.186188656426548083e-01
3.719801533233690338e-01 3.422701191992192915e-01
1.164419325815428952e-01 3.064083922111062418e-03
3.994439343182466517e-01 3.836383092088305191e-01
1.837343454501745299e-01 4.740252747629643271e-02
3.868908346447033075e-01 4.512806642654071942e-01
3.918404042980156987e-01 3.956989377742849978e-01
3.573983183383072082e-01 3.641096582004318960e-01
1.879524140742694915e-01 5.061516148940864435e-02
4.059519717721635779e-01 4.477334964690810604e-01
1.884719178869476153e-01 -2.777131249677000820e-03
1.783610738591818734e-01 2.848107405909101886e-02
3.598938342177527838e-01 3.626827241640435129e-01
1.666572494673762006e-01 -2.664764411891893010e-03
3.512213696302056709e-01 3.688564200234532575e-01
4.049619383195447453e-01 4.531074513997398467e-01
3.534200316936034203e-01 3.580406240292254294e-01
2.349878404336018800e-01 7.422368843029925056e-02
3.149299211164737766e-01 2.122867677003395515e-01
3.876991967018562635e-01 4.325199374121709295e-01
1.909166196355669975e-01 6.558611598352276362e-02
2.793977241518476040e-01 1.123311660083808755e-01
2.215303576244193051e-01 5.941876900096135228e-02
4.068264341539724049e-01 4.495674914654806953e-01
1.657701903378737129e-01 2.973207280901325744e-02
2.551464319937425396e-01 8.736200534968940890e-02
2.068050155526452161e-01 4.516360519001831608e-02
1.868820513943868777e-01 5.560354789761823291e-02
2.904834658702374339e-01 1.198749053915599827e-01
3.819905447236669471e-01 4.218814747032719747e-01
3.566256875154141248e-01 4.268593515393478977e-01
1.697134869046252603e-01 3.500906587770387379e-02
3.687758431578040397e-01 4.192048218710062724e-01
3.679238146580309787e-01 3.825788547103076143e-01
3.898262995073448201e-01 4.608604963227334039e-01
2.681097366549502481e-01 1.190179901590883160e-01
2.972271361400525280e-01 1.853110958417550913e-01
2.510994869363242787e-01 1.213039977151993409e-01
3.462520651498144364e-01 3.586492704844260193e-01
1.660269215225912975e-01 1.148835804418245343e-02
3.448985461213259773e-01 3.601261849638185963e-01
3.699966518327933995e-01 4.118791324625070693e-01
2.897696056053475910e-01 1.650804553873065628e-01
2.872700572385036288e-01 8.581133987554379061e-02
2.920658641452205107e-01 9.575562174728588505e-02
2.034931832434563881e-01 1.761246865001503750e-02
3.948129879316626401e-01 4.042321761793097878e-01
3.800235246492164043e-01 4.221033493593925878e-01
4.014458184386681117e-01 3.922332371445667043e-01
1.945193574216488863e-01 6.761553336364700684e-02
3.738305283467275864e-01 4.357273405851747605e-01
2.059579116815111743e-01 9.040597847368485318e-02
2.482928889062725464e-01 9.772539292227279406e-02
3.926445961940696616e-01 4.592400084268071225e-01
3.414303876299620844e-01 3.637680274937991065e-01
1.660259978958202320e-01 1.283356088846067042e-02
3.907734097638631554e-01 4.425643497218134104e-01
3.752257718740612535e-01 4.441501591894676526e-01
3.855779321416635819e-01 4.356183828531161595e-01
3.449507058900352918e-01 3.670742342741092346e-01
3.799859782478918202e-01 4.455436821270752357e-01
1.448049431072033211e-01 4.411013554760826599e-02
1.974002152062595550e-01 5.158180136227694113e-02
1.999143107422172438e-01 5.789604240085755027e-02
3.797085599339988793e-01 4.718539169016312540e-01
2.882590598132871995e-01 1.883384255275608044e-01
3.477579157606267568e-01 2.546395365586145432e-01
3.988299154740442276e-01 4.208064705463738231e-01
2.985188564128967714e-01 1.442209542248000520e-01
3.743131322815446138e-01 3.712008924648254049e-01
1.531531393535566221e-01 2.696663228409078988e-02
3.496013862676834449e-01 3.171677935910979240e-01
2.004502446144023342e-01 9.207348663049949589e-02
2.176056590886087938e-01 6.483654714322145685e-02
1.816261822573073115e-01 2.632585721050375444e-02
3.559566787534423349e-01 3.535874635594158932e-01
2.753825636639754548e-01 1.415471956144651045e-01
1.771130518370172269e-01 1.921786903587809764e-02
3.589612199036564255e-01 4.174091711333901555e-01
1.985825387474422499e-01 1.611856473570179304e-02
3.821111636426306468e-01 4.511752739532853274e-01
2.258285181932554453e-01 8.192114180095261267e-02
4.003159711360248507e-01 4.247875915499142452e-01
1.694774691751503859e-01 8.408292197717607414e-03
3.710656930155597499e-01 4.202832825381514481e-01
2.125501407098913664e-01 4.322138197835877910e-02
2.734394181935235202e-01 1.146810857426566743e-01
1.834053609033131083e-01 5.831046321524092392e-03
1.915817953053668421e-01 5.907196826815210022e-02
4.064466994246164200e-01 4.256978742950865979e-01
1.620790539863982971e-01 -5.589259643979536431e-03
3.432861780986122824e-01 2.138693331217084714e-01
3.675586042606808768e-01 3.394695456480056883e-01
3.455474038330298425e-01 2.440572213264302071e-01
3.848142964815516875e-01 4.358845582565130106e-01
1.584846750427362227e-01 2.170831581017385742e-02
2.295296988788307069e-01 6.387707466274158974e-02
3.584640771947215088e-01 3.700140401070439733e-01
2.193189088184114566e-01 7.296904267997360305e-02
3.694728185372483376e-01 3.907292258836854715e-01
2.059931880815933369e-01 5.658178256946615192e-02
1.915028083069283404e-01 5.812586041950287830e-02
3.706462456518658799e-01 4.644531819369977499e-01
3.717929763982819047e-01 4.519618372037557674e-01
2.293418364298787093e-01 7.796166395035525332e-02
2.999366046407755393e-01 2.147481403414798484e-01
3.925372772845465152e-01 3.600729656632791209e-01
2.293274128891326091e-01 1.140802150355215705e-01
1.841841543606274056e-01 3.415057859967259024e-02
1.784767050670088562e-01 3.220652771995085456e-02
2.163792525497712782e-01 2.101579409148482055e-02
2.350854997751578579e-01 1.064843493256452528e-01
3.392526067925857314e-01 3.535933939577892704e-01
4.197762190210901356e-01 4.495091444137715997e-01
2.656364505982351520e-01 7.916085239292722231e-02
3.742574180274764739e-01 4.188944233062080191e-01
2.875828215583485781e-01 1.960259906573099675e-01
1.725974069851282100e-01 2.089297717962342732e-02
1.942390735978910543e-01 1.618473222494406366e-02
3.954000835943581871e-01 4.301014488751417897e-01
1.993005651691141522e-01 1.512715007153523500e-02
2.663603601527941289e-01 1.275338615498500805e-01
3.557544713314468865e-01 3.664707358686572491e-01
1.586526272015685302e-01 2.092161100344957364e-02
2.330575682366883283e-01 1.061497133414664867e-01
2.412920835049308932e-01 1.175627795610736104e-01
3.978463800359240965e-01 4.648487274478380615e-01
3.214050556144660287e-01 2.038296173940209455e-01
3.623975980967232280e-01 3.685163129538803206e-01
2.867920168202608977e-01 1.378042512487001325e-01
3.678018501104367566e-01 4.241383329429609383e-01
2.049016470494124387e-01 3.545206764786557052e-02
3.041724424405496396e-01 2.195201794991289979e-01
3.915593635430329456e-01 4.668182472908946057e-01
3.561150103176936588e-01 4.226384344799630211e-01
1.667511157928011079e-01 2.767482651623937029e-02
3.990490997507221693e-01 3.997614097588076953e-01
1.437761593376375158e-01 -2.240894216907413777e-02
2.365277401634545418e-01 1.163934010003414427e-01
2.293830956305646929e-01 3.659309599130894375e-02
3.816468657217116922e-01 3.867432531180010069e-01
3.596474511586827405e-01 2.985591642191329220e-01
3.757528009347327336e-01 4.380468382365318436e-01
3.760201182780545937e-01 4.361585259728819053e-01
3.508562751416842151e-01 3.292976294751353561e-01
2.200977139099936919e-01 1.181767644803758954e-01
2.911653983128984491e-01 1.514159585462095392e-01
2.053298197917963197e-01 3.674651009600882895e-02
1.576549261908453681e-01 4.225959746785287047e-02
2.347296303147275720e-01 5.049803584122613404e-02
2.263237947318799126e-01 7.442581023033878473e-02
4.016129275333968351e-01 3.883539843699834182e-01
2.365797014322598701e-01 4.881847656757983683e-02
3.778382138770979282e-01 3.994139334441045852e-01
3.810913935079581760e-01 3.703645766287872454e-01
3.929074483342085422e-01 3.720589170220917619e-01
2.189734609274944233e-01 8.259116104874411612e-02
3.954116859561452868e-01 4.136819389925470158e-01
1.973718155966031063e-01 -1.170472144683088085e-03
1.647185886726961757e-01 -4.346888025126537276e-03
1.661925905919720003e-01 -8.232840736478296700e-03
2.124091909698419267e-01 7.860760567225807960e-02
1.771039534320144049e-01 3.046628299842924804e-03
4.042869677583140753e-01 4.026880045425617616e-01
1.981474871493974499e-01 7.245351278846354215e-02
4.018094017948202756e-01 4.345416670081854726e-01
3.919300726284228320e-01 4.328588698165895532e-01
3.858655431167052896e-01 4.271089976582108094e-01
3.604432377482476024e-01 4.393517303525492079e-01
1.486290311462460378e-01 7.935980925190114221e-03
2.474819510809267431e-01 9.136778374100035238e-02
2.065527213211578172e-01 4.499562651631766608e-02
3.827500675042133649e-01 4.219511205763989969e-01
2.187781915344115535e-01 6.485802140156553264e-02
2.474595732326065334e-01 8.629538617694962332e-02
3.640270924594199986e-01 3.810425364845368423e-01
2.013357232918997486e-01 5.362633834147249867e-02
4.095507246383577327e-01 3.700964735186955124e-01
2.698678349658766851e-01 1.033103247572300654e-01
2.190251499944960156e-01 6.425280720893158937e-02
1.947945411515917269e-01 6.917948079825901597e-02
3.296836732726685648e-01 3.091399317067397567e-01
3.952224297345576787e-01 4.311451942234797441e-01
1.818962498647600512e-01 3.546672077385500804e-02
2.906440276196350370e-01 1.661133496788648745e-01
3.801280025308880761e-01 4.322027375383151182e-01
3.812398042076359794e-01 4.050434367723705908e-01
4.314682546381098938e-01 4.286271121981858334e-01
1.543084902785924750e-01 1.612411019894553071e-02
3.808132184248126939e-01 4.503094664125827373e-01
3.852130298199221148e-01 3.832859690264263652e-01
3.338403760127531816e-01 2.487108730362634357e-01
3.608766666872449402e-01 3.642552990461248030e-01
3.960926370524196494e-01 4.424556718234325392e-01
3.727618015688858311e-01 3.861230688772309683e-01
3.958984285499003164e-01 4.474599347000424721e-01
1.871539113087123118e-01 1.845669068113917066e-02
1.726394971836822112e-01 2.839717870198836015e-03
2.102874733457971712e-01 3.780416392474858500e-02
3.839146928055754415e-01 4.490396831604953065e-01
3.663827522142595328e-01 4.280741797906952861e-01
2.685067830487107288e-01 1.568765365486705088e-01
3.586132069554267554e-01 4.262160510613619002e-01
3.894999915546647484e-01 4.368338913422403214e-01
3.648688683852203685e-01 4.340595746682847089e-01
2.322132158522856871e-01 6.809276390771049070e-02
1.852506663021969424e-01 4.752137790797688471e-02
3.891881028633732420e-01 3.841804394216100094e-01
4.142707748258084299e-01 4.292229254002006278e-01
2.095157680486601226e-01 6.068513899636084064e-02
1.940679913921649347e-01 7.608666483702082595e-02
2.075734878857152521e-01 2.099666390432186613e-02
2.327487650596914426e-01 4.848021465051427503e-02
3.798102472469822022e-01 3.782387997733460128e-01
3.748057009585002985e-01 4.436805287674360776e-01
1.536589278471402475e-01 1.254129925383243999e-02
3.731228987342463665e-01 4.121996998477393537e-01
3.402291736269308364e-01 3.114533478085081963e-01
1.670566331125699078e-01 3.064236599765795405e-02
2.272013301057759227e-01 9.818618252726594997e-02
3.810873380225487383e-01 4.272544647770282755e-01
1.570119106524834052e-01 -1.937307421682435415e-02
1.869175263437883872e-01 3.071275163287790627e-02
1.867993221120469172e-01 3.407260257997368064e-02
2.070031255040942209e-01 6.355628580121105986e-02
2.001019712980778853e-01 3.327116976994726888e-02
4.065092645226532908e-01 4.356855516794962413e-01
2.158133819722877766e-01 9.211600341709083595e-02
3.854193610216161137e-01 4.020137159142245786e-01
2.530530429562099504e-01 1.079690992502382596e-01
2.134203269890956323e-01 5.984113313367997455e-02
3.828067446922405193e-01 3.506949658138914239e-01
2.921857068862045992e-01 1.420141569223896394e-01
1.987078618599431856e-01 2.327633656105500271e-02
3.952117789602184184e-01 4.173037577319589908e-01
3.692012046793554658e-01 4.272854996589909304e-01
3.619936523057981081e-01 3.663217454788411653e-01
2.235508389904009574e-01 4.783755495894196491e-02
2.635695487669165171e-01 8.154343556019461037e-02
3.547569603271708560e-01 2.745780618983663657e-01
2.957123463953691411e-01 1.807135342264030720e-01
2.815168960341887239e-01 1.594915639821456455e-01
3.763565180161737578e-01 3.074246397234962069e-01
3.979306106708173640e-01 4.251817811128807967e-01
2.429943994634286009e-01 6.920967225358204411e-02
2.327947667348340688e-01 9.412730058158977342e-02
4.189868073573331797e-01 4.479532521957129698e-01
1.753161182283274333e-01 6.178342465872113665e-02
3.870584613406263252e-01 4.289653676180065767e-01
3.906869241694460038e-01 4.562865565186917105e-01
2.219940313538417143e-01 4.631771941641747714e-02
2.158505104422768772e-01 3.635989710873333697e-02
3.549095473830091163e-01 2.697028598310671765e-01
4.038383298746096584e-01 4.122405070004928063e-01
1.813199920910812946e-01 5.403891017105252187e-02
3.660566187364022728e-01 2.420997256079296389e-01
3.710595139338682680e-01 4.139877455990463861e-01
2.034496480097289228e-01 8.514042365862670159e-02
3.466479708626070133e-01 2.444242118117696538e-01
2.297924372723270936e-01 7.168090285848374710e-02
1.674091820196679792e-01 5.134567935730201260e-02
2.295086270610947610e-01 1.033258759811278571e-01
3.021240731890506570e-01 2.023295588948241241e-01
1.952125798329529816e-01 4.209327284142651976e-02
2.161693777050209264e-01 8.648813639504868145e-02
1.464630523083417513e-01 2.186429928609904400e-02
4.321802757311730137e-01 4.174208104313795187e-01
1.891494044462295188e-01 8.759748587509766371e-02
4.097113403320902236e-01 3.371677777171769863e-01
1.879050964858167139e-01 4.051369331915103539e-02
1.697569708005930711e-01 2.404408058920303945e-02
3.698554698338889501e-01 3.378078237057709488e-01
3.558833492605911197e-01 4.004558093085316961e-01
2.562618973038165437e-01 1.654541263947630347e-01
3.989203328428209128e-01 4.626048139997280817e-01
3.603139741738784485e-01 4.000497445662508089e-01
3.816666249072036554e-01 3.510264904198457381e-01
1.790052997521432987e-01 4.026765998762162069e-02
3.758352707501858569e-01 3.894252611236473927e-01
3.516328543690845354e-01 3.337093824969983857e-01
2.699253791443528283e-01 5.625554939828236733e-02
2.292023822358095764e-01 9.601449580461327016e-02
2.100432135347941598e-01 8.540890665526346126e-02
2.778206556326909826e-01 1.325916294019589547e-01
3.827855006258815695e-01 4.560597664007450258e-01
2.618197319576685556e-01 8.614062631033347905e-02
1.799933405076648840e-01 2.688757798712770875e-02
3.914910225862128224e-01 4.546420076378433484e-01
3.594626161048577462e-01 3.496918842967902674e-01
4.020153559653621977e-01 4.215683495282808724e-01
3.675503301613439744e-01 3.674670723539558148e-01
3.526960434115966603e-01 3.637887611309363334e-01
3.700764754119931776e-01 2.810435003865318637e-01
4.017258944829268374e-01 3.780458133418094779e-01
2.432866063945878787e-01 1.320397412878333565e-01
3.480718880246962965e-01 3.901061965904107365e-01
1.755451148918247273e-01 1.066153004569332652e-02
2.012752617043521708e-01 5.238950083998732132e-02
2.521361643711443334e-01 9.945630830252802368e-02
1.644254130129765568e-01 4.739098248889790470e-03
2.034428785876262746e-01 5.118258572927388700e-02
3.586785345975950223e-01 4.055687338870886949e-01
2.027776670250818203e-01 4.706246811199057967e-02
1.987242987304305708e-01 3.285629811204558715e-02
3.847888069666000055e-01 4.210565613417073805e-01
2.680962019148955267e-01 1.077213450050309024e-01
3.965259349348394524e-01 3.848635022914925208e-01
1.999780345808569448e-01 3.845472079262080706e-02
1.928812217177233723e-01 2.562058590875000014e-02
1.313140893664654363e-01 -2.400300623317913953e-02
3.362458696720457829e-01 2.741934116704573543e-01
2.765641046107808476e-01 1.030093340277572350e-01
2.296021324369055816e-01 6.150567318024277585e-02
3.756382696594731674e-01 3.646670823469144174e-01
1.769008903506374686e-01 1.006940056980737408e-02
2.003122653235543393e-01 4.053983375966322550e-02
3.852286198529865091e-01 3.721968390838322205e-01
4.029519139847256293e-01 4.672487621573996885e-01
3.225563787036521690e-01 2.271078314882978288e-01
1.979017703960773422e-01 7.408187439319866008e-02
1.520791881844764659e-01 -5.958864241067223823e-03
3.599954027412608504e-01 4.267165968139235432e-01
3.631830048643835407e-01 4.130720772413576936e-01
1.708265133695518467e-01 -1.441855833179164249e-03
3.981980718416433529e-01 4.264522996363018237e-01
2.071590266842317785e-01 7.207081824798913794e-02
3.497969203287838447e-01 1.619932017288531201e-01
2.305787643287616206e-01 5.681446154299212015e-02
2.100738732697313982e-01 9.428526372497836316e-02
3.738220715548378204e-01 4.245358790189086018e-01
1.928604072531833746e-01 4.935790726055273164e-02
3.887160162133129759e-01 4.237496350388818001e-01
2.016157089484750253e-01 4.901614830230882625e-02
3.863058957430222096e-01 4.433809094245751425e-01
1.623812492792677808e-01 -1.801293727688760282e-02
1.947891411083514934e-01 6.570446100949214885e-02
2.072354903667993631e-01 2.037115494919607486e-02
1.863564336687394130e-01 7.338979613183209405e-02
3.763281274892466555e-01 3.063131744612280216e-01
3.838139562298650276e-01 4.061603993022147585e-01
3.662719290888488688e-01 3.581875429947411482e-01
1.469741742024264497e-01 -8.247115016695963363e-03
1.706097666518155698e-01 5.363880469340756053e-03
3.605072525174919384e-01 3.793420158525149244e-01
4.036955493370069092e-01 4.517081131651163317e-01
2.385005797790932247e-01 6.173973671038382460e-02
4.004433928277995047e-01 4.444442732586896816e-01
2.544974245494556198e-01 7.885562127104672747e-02
3.946540934586902361e-01 4.029976232489476673e-01
3.675420246958491788e-01 3.573451525110414306e-01
4.125208022734899727e-01 3.543111680782674577e-01
1.595553936697911290e-01 3.701130362636206872e-02
1.908471291161804306e-01 3.087137431554683870e-02
1.716333345523662346e-01 2.180348212041401459e-02
3.742595677275347144e-01 3.644762341737251554e-01
3.822840882282391162e-01 3.688088029612839880e-01
3.884451760325766667e-01 3.787085467810736295e-01
2.120468417053437693e-01 6.686597685411160841e-02
3.333589662791106023e-01 2.408183777042461893e-01
3.907371461453827965e-01 3.774691437380378045e-01
3.817183739092687711e-01 3.835338004173239335e-01
4.001815847975461748e-01 4.502021737959016612e-01
3.851215702688900455e-01 4.490283710130947292e-01
3.801000952989191939e-01 4.535011410540117360e-01
3.841887983123025707e-01 4.130124490446767660e-01
3.519515647180314621e-01 3.749625483468788656e-01
2.018438741882962462e-01 3.538797785264558710e-02
4.075206393245600633e-01 4.382499373917499441e-01
3.596772712530544869e-01 2.363712634235416443e-01
2.335055263485318888e-01 1.106215941078863285e-01
3.191459672055174668e-01 2.236763424761996077e-01
3.902414026356846311e-01 4.553976543657763387e-01
2.197763709081534123e-01 4.962729260679387550e-02
2.699010896315625629e-01 6.600615791256488063e-02
2.047983965702800946e-01 3.416941491725149216e-02
2.014552001394603886e-01 9.332117150306400155e-02
3.730408927062979774e-01 4.467796233546846296e-01
3.709374340230012779e-01 4.029809025550539769e-01
4.049442962396743173e-01 4.466798978986154522e-01
2.102816885865535224e-01 1.065964707770132858e-01
4.177184091925019160e-01 4.439126318378741609e-01
2.010809975844448372e-01 1.026324136233929124e-01
3.762470851354788315e-01 4.307297041775625668e-01
1.632901030961368405e-01 5.045831709441007951e-02
1.486572547691976109e-01 9.306957510534620906e-04
4.060008671503848587e-01 3.795157618588618775e-01
2.317420177469132203e-01 8.688174953675781298e-02
3.746528571741609692e-01 4.358966832662713453e-01
3.476005554540426701e-01 2.391803786291547551e-01
3.930925859124790867e-01 4.328976464126741974e-01
4.249654385446401950e-01 3.829632313826521472e-01
2.402649850679021704e-01 1.072544337910032730e-01
2.082941748393251913e-01 6.167736263964027077e-02
1.749448272856738706e-01 2.926592408157167348e-03
3.766879241089699515e-01 4.118772511067672615e-01
4.024721139331696174e-01 4.506502576745254340e-01
3.422780055074443051e-01 2.146595114634589629e-01
3.929414019455259588e-01 2.986115844408265274e-01
3.690820286517170201e-01 4.386472069505583105e-01
3.986383194434794941e-01 4.556392936415520345e-01
2.048627706038727014e-01 6.137881732887368047e-02
3.755972028112660732e-01 3.738924886504943479e-01
2.103758179815640728e-01 4.269418164240078306e-02
2.339788913353104960e-01 3.286357751881521100e-02
3.870120244677653920e-01 4.394074362210336759e-01
1.724417228583085271e-01 -7.826661846332291089e-03
3.401069106738425774e-01 3.133069883082159057e-01
3.613762457486611179e-01 4.266177729249675532e-01
3.653455282666939197e-01 3.611925162829582869e-01
1.884252857200653941e-01 -3.663339110474257178e-03
3.168444178772295006e-01 1.539502818243927429e-01
3.959728363183958599e-01 4.427304560677003953e-01
1.599838197111368154e-01 -1.802813111997778744e-02
2.290696358049261749e-01 5.717555797214914082e-02
3.951255378523983453e-01 4.484536956756010051e-01
3.867677832391466231e-01 4.555377846693353106e-01
3.582036125219228984e-01 3.937674850411750360e-01
3.746658089002622427e-01 3.984343772555317131e-01
3.821667703655906578e-01 3.689188303822932280e-01
2.328894260347068035e-01 8.696185046202606350e-02
1.554053899053752796e-01 3.198403447680456951e-02
3.480370947033052387e-01 2.696581509881239569e-01
3.531022890857627994e-01 3.946006790060817004e-01
3.991109219509811346e-01 4.393662913920858282e-01
3.658907443596449705e-01 2.466202904336052826e-01
3.934025001874634220e-01 4.306661302406015190e-01
1.871477787819698646e-01 6.988023298528528438e-02
4.176457913874030980e-01 4.099990533567081097e-01
3.876523496541927072e-01 3.857631539193134840e-01
3.761669909919002630e-01 3.325095412637336101e-01
3.345887030338950408e-01 2.121545007659636772e-01
3.615533068837430974e-01 3.622758276825576718e-01
3.284671981642207639e-01 2.583495850600018295e-01
3.973502822728423034e-01 3.949109157929222014e-01
3.834571366900250133e-01 4.565988435201233098e-01
3.701292800860169763e-01 4.089243877549055828e-01
3.788476627518710949e-01 4.462073732114006375e-01
2.950761260284286980e-01 1.793342727224654376e-01
3.902428700157289931e-01 4.096440431765501766e-01
3.792594957352682927e-01 4.341614605351137857e-01
3.706064072791138697e-01 4.540450300124680427e-01
4.002646706640810570e-01 4.336948396976365028e-01
1.862421068626557985e-01 3.382588243185154914e-02
2.438317181903221775e-01 5.695201335000077414e-02
4.103415557880999986e-01 3.512035321862493342e-01
2.661809374998342359e-01 9.655145287816849220e-02
1.705176910516519595e-01 5.234301024512447165e-02
1.665489707455554691e-01 1.740862241403963451e-02
1.704987387214589312e-01 3.819645169783958405e-02
3.805022674582849707e-01 4.284268724294625907e-01
1.942163749414767826e-01 9.025345678577944425e-03
3.610369545224225707e-01 3.337965821436584268e-01
3.572811031444501628e-01 4.052951129415444664e-01
1.747155865331622704e-01 7.060444125287215419e-04
1.826631040913179460e-01 -1.212480914067818813e-02
3.999440235967641755e-01 4.442119017884469945e-01
3.858298969202595963e-01 4.590939640022648205e-01
4.440251402343942111e-01 3.665702641640810056e-01
1.928838674232845607e-01 4.705567127787591009e-02
4.023334735798278494e-01 4.403358755120855283e-01
3.984773121279099328e-01 4.447744581152728860e-01
3.918815474181167602e-01 4.499948645809996317e-01
2.146226823243840287e-01 6.274282290549747232e-02
1.834248914604664771e-01 2.986501807126201724e-02
2.179877392076595144e-01 8.100310620246503612e-02
1.844764904704470077e-01 3.532555798730969282e-02
3.690329433672501214e-01 3.887966174169524280e-01
2.529544001576863321e-01 1.012197580125744900e-01
1.769928439152168576e-01 1.249768336734995156e-02
3.524032961983938339e-01 4.054377092898329704e-01
1.757364859409911717e-01 2.852921819138627690e-02
2.225187364961020708e-01 7.551422705563803905e-02
3.741672386216745583e-01 4.327356027881337774e-01
3.929028066615518622e-01 4.395016726287904185e-01
3.914723215872191187e-01 3.941881515625400012e-01
2.112708287239989380e-01 8.690799434364242237e-02
3.863850832415726133e-01 4.147283296857131041e-01
1.906080731088221625e-01 -2.725775597121467449e-03
2.113076512348977531e-01 4.267118149881244521e-02
2.806416349185076875e-01 1.431321181997133041e-01
3.019208546487218703e-01 1.585243588380793878e-01
1.664043934976527916e-01 2.821067043280302278e-02
3.795671246426551848e-01 3.435577851066922705e-01
3.822748922234167068e-01 3.860339652097121710e-01
3.762250713010960590e-01 3.527085009649046365e-01
2.024956331953527977e-01 3.580369656474555878e-02
2.268982052408590744e-01 6.715745195429285996e-02
2.172014276516511799e-01 3.234381719383391807e-02
1.853431930712117481e-01 -5.036691419775232194e-03
1.445339464059444134e-01 5.716863048753047585e-04
3.671514626254426261e-01 4.111258931319528576e-01
1.480833959415018830e-01 6.392285845060756422e-02
1.798715152875052792e-01 6.948743661578644926e-02
3.791781499134558864e-01 3.955674936377620021e-01
2.090539559438628070e-01 5.102376091635165561e-02
4.090655367437991963e-01 3.511035448252254887e-01
2.196715804462911759e-01 1.007477479284708821e-01
2.365646145332159778e-01 4.415453835057887161e-02
2.000043105252192754e-01 2.859113005996526125e-02
4.109848625608649719e-01 4.446259765980224432e-01
3.635126231189619306e-01 4.243244851158969322e-01
1.426229076001436225e-01 4.706213970518117150e-03
2.468830637144470153e-01 1.279304463093093869e-01
3.590179010504800372e-01 3.163990935281620898e-01
3.822067888551033965e-01 3.925261168778993448e-01
3.960839929300941087e-01 4.388507923473067285e-01
1.996343543474259907e-01 7.414965841373648281e-02
3.120899239962962035e-01 1.339222641725811846e-01
1.824364047944078415e-01 8.431963344345080880e-03
1.765944804841683702e-01 5.130093899597847062e-02
3.616905877050924367e-01 3.406252934966741974e-01
1.795615256161181561e-01 4.984437614768687241e-02
4.130539829299197940e-01 3.388247515264524723e-01
2.035180007614858788e-01 3.740388179652605338e-02
4.184461014243388011e-01 4.229572484690672374e-01
3.278440691676670626e-01 2.653479036692042436e-01
3.684080830761433667e-01 3.249869208706432921e-01
2.005316836384461177e-01 7.523338237384480376e-02
1.937891973507877563e-01 3.709013218788852206e-02
2.138254508281368371e-01 5.641790014854784763e-02
3.924057217674178366e-01 4.207440628216074785e-01
1.397773026584944456e-01 1.422126445147194745e-02
3.838503748958883022e-01 4.772280690753412657e-01
3.223131525690593469e-01 2.005719610785977325e-01
2.042974542873072785e-01 3.923023909613418403e-02
1.665131322845667672e-01 4.015735972135996146e-02
2.003197594120958713e-01 5.625170862174343200e-02
4.231094223013282529e-01 3.884477099194616478e-01
1.784928421961061162e-01 5.041649907421343058e-02
3.889514110022194160e-01 4.338794663754089176e-01
3.764413607092500502e-01 4.459556835630096860e-01
2.202339284312395395e-01 6.589420104398613365e-02
1.320652525663942034e-01 -7.538145471898529369e-03
3.457553137613611494e-01 2.361856549820672280e-01
3.100027186929703582e-01 2.085932237782340548e-01
1.414682421297031034e-01 -7.920638757561677262e-03
3.526696167515890878e-01 4.185802526327868089e-01
3.987272441542235590e-01 4.828285625003803649e-01
3.937602589234259209e-01 4.550210937949171197e-01
3.422161124783972275e-01 2.496514858079318944e-01
4.184862567652958276e-01 4.156729520028364377e-01
3.859046037923885564e-01 4.345826023330168209e-01
3.931793620711277470e-01 4.441558283371885851e-01
3.965324053101707547e-01 4.739808131857956575e-01
3.917954775564260750e-01 4.640840055917864748e-01
1.744894961527079236e-01 1.297821618903026268e-03
3.671542944986973533e-01 4.277613459703934473e-01
2.339597308257979624e-01 1.120461334048032942e-01
1.724594604299924949e-01 7.378814449550430421e-02
2.053284170485207283e-01 5.585894646518686085e-02
2.111223859909032718e-01 5.203029271978472370e-02
4.123017991513724390e-01 3.738497639370574332e-01
1.417087441849455010e-01 3.593420784429220138e-02
3.447580331119258767e-01 3.434198965650208657e-01
3.911228235472710146e-01 4.314362959181742840e-01
4.344098830079382578e-01 4.082276188646604131e-01
2.166393679386875992e-01 6.515098884649885014e-02
2.999419829105593460e-01 2.180648307458665780e-01
3.501809789776113013e-01 3.481624993298325088e-01
2.335844438913058374e-01 6.416494057673360896e-02
2.201776169678152928e-01 5.283236077690056653e-02
3.984782114617997917e-01 3.602004416038378509e-01
2.175665418231019776e-01 8.688611333563152350e-02
2.055496427444896135e-01 5.763471160083906419e-02
4.150503576597199262e-01 4.298432833649478146e-01
3.911145623929120907e-01 4.353932321997900368e-01
3.577855174637257218e-01 3.690143754466686521e-01
3.595113841863172843e-01 4.025677970372676384e-01
3.952582969389519807e-01 3.472927068518181781e-01
1.868482455653502072e-01 6.063960508992813359e-02
3.355674634649579158e-01 2.271056190265447472e-01
1.847244191899503341e-01 4.538847844987554947e-02
1.411234958921014360e-01 1.909510113616552651e-02
1.604395057278550918e-01 -1.051514835656252450e-02
1.625864723631420539e-01 8.766412510901395311e-03
1.801022326140613306e-01 2.497019887927823950e-02
1.320717236661322902e-01 4.203088074950250656e-03
2.044755050446719069e-01 3.021909102652516055e-02
3.698203799208752973e-01 2.067289718882946437e-01
3.681127845528234244e-01 4.033732175327248703e-01
2.184588334609363636e-01 4.324908680373433512e-02
1.995655270972456208e-01 5.695661996631151691e-02
3.315182743935971565e-01 3.435258887013760143e-01
3.265284753665567141e-01 2.611109824773995558e-01
3.774970068217040620e-01 4.567729691729579544e-01
3.638414244827733457e-01 3.721400804605346502e-01
4.107956733243059988e-01 3.809965908637059639e-01
4.304144464802890369e-01 4.471381447609596438e-01
3.254022752485790093e-01 2.233352441851392534e-01
2.021537424809250472e-01 1.117149137752271315e-02
1.723835458962821310e-01 6.833832729528283891e-03
3.924995741049874809e-01 4.581631015159461362e-01
4.079673216092499777e-01 4.511698523013657480e-01
2.090090051112153124e-01 6.447182906869046437e-02
3.904912320140830895e-01 4.190982487381112453e-01
3.624588539668213150e-01 3.468474903960186984e-01
1.756064481827467327e-01 9.852081752445555896e-03
3.604178585251219813e-01 3.526447044844479017e-01
4.032322792640131714e-01 4.230628114170075227e-01
4.101675980233746577e-01 4.652890788768647701e-01
3.847624086547721811e-01 4.143666034293663203e-01
3.695881589797326838e-01 3.554726803721438566e-01
1.744985131685788393e-01 2.470376067838846862e-02
3.940155125048245832e-01 4.588417987878671833e-01
3.839700648118061777e-01 4.178685086275787941e-01
2.867904439529090910e-01 1.703671717019340504e-01
1.499826825441393230e-01 1.622404913824390671e-02
2.463166502303953398e-01 6.449110098030023941e-02
2.354435465741746003e-01 1.074163083989040923e-01
4.249284225559046835e-01 4.293758318941594543e-01
3.689857981810755194e-01 3.884347306318005066e-01
3.975483265347843354e-01 3.275353833997601272e-01
3.584177375336754512e-01 4.239281594522316676e-01
2.065598123237439854e-01 5.628019053393035903e-02
1.668260126915432906e-01 1.514269469728984560e-02
3.853443283351798421e-01 4.185111615283382824e-01
2.164971482433545868e-01 8.304774562061059684e-02
3.859328803250842155e-01 4.669827203613394206e-01
3.598212001772904678e-01 3.562935422095631632e-01
1.840747977191873885e-01 3.474455261624750067e-03
3.814634388618499683e-01 4.150695047769778490e-01
3.465171643836231219e-01 2.898782717448050161e-01
2.226295582549123742e-01 3.920571388243468403e-02
2.005883091672027163e-01 4.955062486038079583e-02
4.005121272202071814e-01 4.685422722610971258e-01
2.097530505153090419e-01 3.723031459013715488e-02
2.220588487764643404e-01 8.239031706631744223e-02
4.036127221570321444e-01 3.640427816997212074e-01
3.779292323438119272e-01 4.400645159468131729e-01
3.860896757288351244e-01 4.153342110120337161e-01
4.538040596846540931e-01 3.022427736229841844e-01
1.802456696398078706e-01 1.146205160361826042e-02
3.475878506985037864e-01 3.699289773291412620e-01
3.688212828602347448e-01 3.423010008059243492e-01
1.911673188255159916e-01 1.251928525138407827e-02
3.659834467026557014e-01 3.841527367362531087e-01
3.872321862336132736e-01 3.072450901662708289e-01
2.624198930786020290e-01 1.031666845489857681e-01
2.811819186694204387e-01 1.240448820430561372e-01
1.625356719672029215e-01 2.501431213886912835e-02
1.944120890513247324e-01 6.958378890243073489e-02
3.903123827568142357e-01 3.282532484453166144e-01
3.836918965233750978e-01 4.071268312784252497e-01
2.497788677630420895e-01 7.738107357258293406e-02
3.114234304956468025e-01 2.722688975287955171e-01
3.432538661269980418e-01 2.487334418424128057e-01
1.634101223473500841e-01 -2.192311988122731120e-02
1.564926554846195472e-01 8.439936652399095129e-03
2.895664232930201809e-01 1.641397687133251682e-01
1.815808360632636675e-01 3.098960832073934663e-02
2.186912668275521610e-01 5.275139720513440100e-02
2.163273043214707370e-01 3.251711707688052094e-02
2.881553402647112350e-01 1.612276386993914401e-01
1.686770396789964710e-01 4.127092174766150423e-02
3.973643305825362293e-01 4.481673437163317120e-01
3.821502541628245542e-01 4.108155648902659940e-01
1.851909155087038683e-01 5.964347742325681878e-02
2.082445533541284755e-01 4.022334795670055169e-02
2.867996649526701192e-01 1.919013543733035232e-01
3.765504462332163182e-01 4.100720345644924825e-01
2.529716518059409447e-01 1.076349312882685094e-01
3.748506931711419465e-01 3.982486367190603005e-01
4.122421262922827401e-01 3.632100102139783626e-01
4.100149626241339496e-01 4.270071056502639517e-01
2.125220315445799923e-01 7.971186269991248352e-02
1.974225222744152575e-01 -8.726310193075181854e-03
1.591143734042430591e-01 1.481009770180428606e-02
1.856591709989058869e-01 2.565386801933714628e-02
3.785138859526810950e-01 4.302780257701520616e-01
4.184796999621444025e-01 3.890450986421214452e-01
2.067033617296553105e-01 6.743971732128652141e-02
1.659162568086248735e-01 4.776882389266386836e-02
2.073001057117475621e-01 8.788861315245097283e-02
2.099541413353990804e-01 4.675569148918056611e-02
1.730374794457788246e-01 3.397458263805841483e-02
4.149578147359894720e-01 4.628746921982585527e-01
3.526149253875012213e-01 3.214828282208352372e-01
3.980007410375270283e-01 4.434345444322951302e-01
3.660591237921133057e-01 4.471988926183865787e-01
2.085916877369394240e-01 8.262281278543320839e-02
1.506399335644356963e-01 5.268249153801148922e-03
1.921435252001789107e-01 6.067010270257394700e-02
3.703919442226041858e-01 3.769226461896602043e-01
4.172456072052247444e-01 3.832596472191336923e-01
3.790292515410801366e-01 4.667024787208665093e-01
2.078051604267324159e-01 3.756823752110065306e-02
3.785799688169702026e-01 4.197467535504916247e-01
2.101753187655486799e-01 5.631390939528692352e-02
2.994459353323616346e-01 1.504967934070113311e-01
2.312176260368359326e-01 2.809398077324544440e-02
3.780411424519654062e-01 4.605205075142652649e-01
2.148322820303088521e-01 6.941603919566474712e-02
2.277941744240851996e-01 4.692811383212630583e-02
4.236897834000001306e-01 4.065452439022561038e-01
2.519041913921793441e-01 1.159347298048681307e-01
1.868948148096467865e-01 5.010178072629459939e-02
3.580687539594533675e-01 3.325580018201430010e-01
3.465574063740370914e-01 3.134699761506503091e-01
4.190775868768260026e-01 4.135171899115512861e-01
3.863476745070862917e-01 4.642261039361924024e-01
3.915921711042396614e-01 4.394394818685053994e-01
2.993976550246355006e-01 2.311819754946715655e-01
3.574934572458209336e-01 3.041775711537361704e-01
3.218928249899308813e-01 1.675689413185133259e-01
3.550668604287539609e-01 2.979169850381419016e-01
3.479157900934048420e-01 4.034264332119564811e-01
3.422741468927202324e-01 2.477805512738287530e-01
2.064360409734127544e-01 1.693178174931768420e-02
3.830554534286376711e-01 3.288856657533225647e-01
3.766646209911753695e-01 4.064238984185162828e-01
2.088208224369207944e-01 1.107055153991323010e-01
2.114791810775236702e-01 8.364731948446993415e-02
3.612113644241595756e-01 3.798624625386359255e-01
3.980766095755456924e-01 4.365437903918822915e-01
2.449246232695502234e-01 1.269210625503742473e-01
2.583266860175217339e-01 6.642427439909434628e-02
4.018236740945311247e-01 4.458794148543999691e-01
3.760383660309785658e-01 4.311019962698550700e-01
3.466615613293841380e-01 3.835901208109797067e-01
3.796256965766980906e-01 4.690777825038854321e-01
1.674650937673144990e-01 1.003649605114882715e-02
1.492726703547776201e-01 -2.711803299729608971e-02
1.803572564963951685e-01 1.621477053679821340e-02
3.259413531337420067e-01 2.852605465361963133e-01
2.892171562825041065e-01 1.257492989779284975e-01
1.741217680975545856e-01 6.190916839178937925e-02
2.996485037616342106e-01 1.531424619920252195e-01
2.250050923608550579e-01 6.548082494357590488e-02
2.004007130082919863e-01 6.318143567574270592e-02
1.824835930438546971e-01 1.913777972198000416e-02
2.423937445557644010e-01 7.769318269954791911e-02
4.106602449622457351e-01 4.415865955909732965e-01
1.517651892896928478e-01 1.595635662908710325e-02
1.938265390312195469e-01 8.621021377552734455e-02
1.738084029556874466e-01 2.419954368347871851e-02
1.218435955206828014e-01 2.917874476084329066e-02
3.867373669821265736e-01 4.100742925742978939e-01
3.669322440102756877e-01 2.672354000053602241e-01
2.122249541816521035e-01 3.673518151607391320e-03
1.463884691993513898e-01 1.854819006909044429e-02
3.903055520148718260e-01 4.902115749325904326e-01
3.627859522582504437e-01 4.264060874397799794e-01
1.925142679112253341e-01 5.004156665868769727e-02
2.456642795919075084e-01 1.509337289703248097e-01
2.467353524972616396e-01 4.471703817690093896e-02
3.763664885919189018e-01 4.154826658632234659e-01
3.071567680966313940e-01 1.687440541268388217e-01
3.699399621869116084e-01 3.467486116713248134e-01
3.940579755869383360e-01 4.498060899135332136e-01
2.713853487118197405e-01 2.244461167560287684e-01
3.048172726284445466e-01 1.884855252160069494e-01
3.906651317769702647e-01 4.569133569719659449e-01
1.985529011078412953e-01 4.604661578551946799e-02
1.952118383804932189e-01 2.127970562800118870e-02
4.053538730570896420e-01 3.862604661335989342e-01
3.722605269865808530e-01 3.979827527151041378e-01
3.568072701445309525e-01 1.985148527421566056e-01
3.719516501432857947e-01 3.508342331010133042e-01
1.616131432061076179e-01 9.903062358539882482e-03
1.996716102384177294e-01 5.449144995955391285e-02
3.232318743641954262e-01 2.286099407247427218e-01
3.855690760028287478e-01 4.586547328888306851e-01
1.876459302422890940e-01 1.720855299119247728e-02
1.701729978874841620e-01 1.316847214807640581e-02
3.616958373716723241e-01 3.588984582098392884e-01
3.671081157840196396e-01 3.990953187364697508e-01
3.354329179808989148e-01 2.863877788818471881e-01
2.054357850020286924e-01 7.257844570498586667e-02
4.095718964046894395e-01 4.085591254001418315e-01
4.123208173461172521e-01 4.384652870393500046e-01
4.177210321928448433e-01 4.355635822836720350e-01
1.742559512212699946e-01 1.991734510501070449e-02
4.107012654062990320e-01 4.011251795580799695e-01
3.627560274639767823e-01 3.741613872886694336e-01
3.803301884022298740e-01 4.734591338932563342e-01
3.903145128182652357e-01 4.650265293207381245e-01
2.954195464014149342e-01 1.190533352536099210e-01
1.754655836511286593e-01 -1.204303837129401186e-02
3.727253280675192348e-01 2.953836880069547477e-01
3.897402278621519001e-01 4.331251500251891984e-01
2.136909918992109247e-01 2.339210071190581108e-02
3.827930814641042900e-01 3.711149282238816460e-01
3.855600573058683977e-01 3.545962922374351622e-01
1.781495563876607235e-01 1.002035208321453916e-02
3.769860103906468862e-01 3.606129916255604306e-01
3.982421728929025906e-01 3.749084097807252602e-01
1.883604454622327951e-01 2.193109796863082495e-02
3.226846720151582693e-01 2.857945556703082035e-01
2.332526137527305976e-01 5.967338372016636749e-02
2.296056965267966321e-01 3.321755312118094411e-02
4.016752301409529657e-01 3.647970451248426782e-01
3.428626619276139431e-01 4.061115114205740562e-01
3.613649089171521167e-01 3.823925940649327004e-01
2.974639434884965850e-01 1.876225959105844998e-01
3.670699038923327384e-01 4.185277688655708594e-01
4.151613071455813042e-01 4.344171651468918260e-01
1.806648487888617982e-01 1.942338443287362076e-02
3.685903067980038639e-01 4.326360827597828806e-01
1.528167474769675516e-01 3.397275013999324217e-02
3.561212039536212348e-01 3.084571418955533439e-01
4.073242548360852533e-01 4.399682395146880531e-01
2.068242178226945005e-01 3.097989330264732527e-02
3.129750066849840140e-01 1.900882973403854870e-01
2.218107107693551572e-01 5.630786743271352229e-02
4.044859510383375101e-01 4.214990533872876033e-01
3.631855157805664591e-01 3.502966028996347125e-01
3.799160110748023289e-01 4.785297019262347296e-01
3.433708424851025232e-01 3.561623514375807376e-01
2.670638996173240742e-01 4.339338741387587482e-03
2.021691197919253391e-01 2.026526922825518107e-02
3.819268463435941952e-01 4.833277231393309781e-01
2.024653561611895469e-01 2.988398340177036289e-02
3.729883980151440515e-01 4.111161835320172875e-01
3.858199886917392796e-01 4.305693662565012736e-01
3.489861030697966604e-01 2.831725874411673005e-01
3.741161097746979469e-01 4.166820604254173888e-01
3.912940606462076421e-01 4.314693155733836938e-01
1.785351189217639911e-01 1.709911800482058486e-02
2.095501717220275006e-01 5.561894205217627479e-02
1.790179139686292886e-01 5.115695019143291777e-02
1.977527977908959955e-01 4.258173179733280161e-02
4.353703054017678542e-01 4.064182365672083797e-01
2.372455746694116518e-01 1.313885972837308680e-01
1.828356722112839394e-01 1.914644970493991488e-02
4.115333461147225314e-01 4.395750247795799370e-01
1.673341670939530457e-01 1.691274265164886825e-02
2.356752369414143455e-01 8.292642067075370327e-02
3.714373680424265523e-01 4.146308141565104299e-01
3.819504040456844773e-01 4.516389555560006985e-01
3.670717938670978731e-01 4.012449596348878211e-01
2.418748440275839129e-01 7.288983674075165398e-02
3.567052922182564201e-01 3.572465306789429640e-01
4.109524665671234755e-01 4.240915483767880856e-01
1.880327124332858979e-01 1.012776755543522839e-02
2.028325827600442333e-01 6.665606645891339332e-02
1.938472838113635688e-01 7.108811041037561840e-02
4.146296142038893295e-01 4.566759194490720986e-01
3.853434303160215846e-01 4.304283224493269944e-01
1.964808677653913371e-01 5.862027468271466257e-02
3.751431612046108865e-01 4.438623457355637680e-01
3.830561011792265047e-01 4.247191638791223967e-01
1.815048331850716568e-01 -4.534406407155315046e-03
1.734224760548834787e-01 8.046984723623692298e-03
2.030831480190835037e-01 1.454744778619735529e-02
3.883525528465968657e-01 4.415614246068766402e-01
3.975513053229222660e-01 4.489603181919736286e-01
3.828039863847376711e-01 4.657134567928207791e-01
2.037229125145834652e-01 5.753522563246774024e-02
2.307584416519919135e-01 6.159422921540742835e-02
2.458037771037270280e-01 1.572107871154422298e-01
1.570724171527955182e-01 5.171807662363075292e-02
2.944085023111490673e-01 9.200949598153923548e-02
3.752739090918774667e-01 3.215426007902538186e-01
3.987108411459340251e-01 4.329830322035470025e-01
1.896303317255298160e-01 5.768310257589798207e-02
2.133045709768405240e-01 1.204624333866580743e-01
3.512159592197082736e-01 3.024205874389861437e-01
3.860386173578732594e-01 3.365683500251080429e-01
2.977156881163575131e-01 1.798384611934132071e-01
1.702074429540325062e-01 2.736507008660434698e-02
1.803664811609232699e-01 3.784433096330139940e-02
1.638848858493918703e-01 1.820118948254384472e-02
2.685172469884331559e-01 1.534993099767320290e-01
1.695658374886285791e-01 1.211396309751207670e-02
3.689996121969320031e-01 4.288825392974002226e-01
2.046674934705031146e-01 6.549493065931803748e-02
3.691952303819051595e-01 2.758526148325434191e-01
3.545401084001837955e-01 3.987648429357108504e-01
2.962027286114392588e-01 1.721914313970051014e-01
1.879227022007695092e-01 2.815268286019433769e-02
3.640412484543258387e-01 3.723447175502189732e-01
3.683374449411633833e-01 3.952641275244009877e-01
1.318830348500083793e-01 -6.578658877520927699e-03
3.319902157003643550e-01 3.323492486764881293e-01
2.610974774402835541e-01 1.384575966198256514e-01
2.417062317662060367e-01 1.126650453679357566e-01
3.778655887928967783e-01 3.969986198587973081e-01
2.476149080402174629e-01 6.989879341316725114e-02
3.950149358077793549e-01 4.428185845030598311e-01
3.640833713523025650e-01 3.679030740005997946e-01
2.595654448443530105e-01 6.542815754411449025e-02
4.006090504403776453e-01 4.245200107090686403e-01
3.971795223205138448e-01 4.102219913321736855e-01
2.100787701947482156e-01 3.234780719851551578e-02
3.896862773555548332e-01 4.153654544772452106e-01
3.962403040775739349e-01 4.295380517212736282e-01
3.251033093658722284e-01 2.860509723962059714e-01
4.124693048713757859e-01 4.295193967679898361e-01
3.758411997519210956e-01 4.091123112773176751e-01
2.105994817015113818e-01 8.096870044239017072e-02
2.058337678437516527e-01 8.755488440386274829e-02
3.594322329322770515e-01 4.262058333205918093e-01
1.923923752257556963e-01 5.981497793629811377e-02
1.630183759021464340e-01 -6.010204402270705355e-03
3.791061608065419142e-01 4.415538320175697029e-01
2.257304510124977515e-01 1.033464044844198959e-01
2.057357967333427184e-01 7.528056433471100317e-02
4.017321575373837828e-01 4.296858001785889836e-01
2.044787469172277827e-01 2.801145588489329513e-02
3.766243268830996582e-01 4.129896205246215701e-01
2.025388732022827820e-01 8.909859023764815644e-02
3.822691191606156225e-01 4.392007741409084121e-01
3.951897084692052586e-01 4.278900350552576337e-01
3.848349701580611182e-01 4.502148013750666977e-01
3.845039060376922446e-01 4.375630143096861380e-01
2.189428784911994219e-01 2.765538009864582786e-02
3.837465503679480250e-01 4.206084982265563821e-01
2.949640683303726973e-01 1.136949145921711535e-01
4.204384909631002643e-01 4.468621687003409004e-01
4.142783980113576847e-01 4.399590631587522171e-01
1.886488303079618678e-01 4.076706269533159760e-02
2.255623665182248105e-01 1.451131425166779232e-01
4.097236747484899189e-01 3.630007590193370381e-01
3.722703963426110541e-01 3.713734060722992392e-01
2.236650608537463503e-01 9.878000708189779711e-02
1.921609808335987268e-01 2.483722023313010563e-02
1.912639220623076342e-01 4.027065577842005306e-02
1.537334123956019261e-01 7.756086036009761722e-04
2.483274319049361689e-01 1.042799778618485051e-01
1.511427590064322313e-01 2.487098209270660783e-03
3.561403733516316783e-01 3.876128578520054435e-01
3.476607033578866801e-01 2.498651460924845025e-01
2.615698381152529173e-01 1.179965319203999941e-01
3.667134377520490096e-01 4.139259837459102198e-01
3.161340615856631509e-01 2.868283265485151445e-01
2.383769786837031113e-01 1.122403093529867474e-01
1.916457116126702442e-01 2.475907842538007178e-02
3.960410325694074252e-01 4.729512297115856523e-01
4.178317695840478296e-01 4.130219325510676165e-01
3.936118271331239815e-01 4.512592338435985062e-01
2.950763904206646915e-01 1.672348231804854091e-01
1.732951962146219993e-01 2.405929594902683766e-02
4.120457643716208818e-01 3.697857375894147980e-01
3.500892392425130062e-01 3.640660935308755453e-01
2.007201984352594559e-01 4.192661493602131695e-02
3.994874389352428556e-01 4.706045980547684526e-01
2.579820593162769349e-01 1.007170725143978623e-01
1.675525922348864993e-01 3.148518298799624776e-02
1.872790609634319980e-01 7.727382688608951111e-02
3.214796870620004743e-01 2.342366386386283417e-01
2.033527666717697691e-01 2.338873263346606321e-02
2.126596076181155870e-01 9.593828116712391219e-02
3.093451353559121264e-01 2.207699541035746948e-01
1.795896706042137969e-01 4.787567702695601224e-02
4.124960233817308031e-01 4.453159135895248810e-01
3.746509793525971133e-01 4.290767886835534228e-01
3.797891129945606403e-01 4.381903547987298086e-01
4.057268728045644313e-01 4.179487135842727130e-01
3.705148917518620300e-01 3.705499231736101295e-01
2.007002088375775817e-01 1.926874904309554964e-02
1.795937858355805550e-01 -1.831924898872722141e-02
4.087322643279174272e-01 2.665847111678262271e-01
2.051002747060305387e-01 -6.534975628271104571e-03
1.956872484855317063e-01 -1.563767881356121527e-03
3.902313741584407802e-01 4.434415008094778621e-01
3.845704793354784989e-01 3.846146725621594209e-01
1.855607890586609687e-01 5.158909448218344969e-03
1.921618952134147573e-01 5.016732453260655533e-02
3.712036428531645949e-01 3.325710391535195432e-01
3.692773884186865141e-01 3.846666804022850772e-01
4.115858000876886913e-01 4.379861329581142271e-01
3.639174447936414092e-01 4.310720469775590202e-01
2.110586343057513359e-01 7.316068900321422153e-02
3.805027539983454887e-01 4.073149599392174580e-01
3.810620745298771705e-01 4.240896102625091868e-01
1.918541129664781408e-01 2.672380175537215907e-02
4.192466003886171633e-01 3.929571561591214679e-01
3.885985639448065188e-01 3.980025335450029234e-01
3.850922564897287792e-01 2.792808499374444531e-01
3.677052052430586082e-01 2.198415359179293205e-01
2.812221191461050651e-01 1.226192378919589709e-01
3.863928536703439831e-01 4.518348349232882422e-01
4.032124929666622837e-01 4.692283526280818795e-01
2.268909761546928916e-01 1.741829506298655725e-02
3.597587230958615989e-01 3.879684622334791944e-01
4.096992774126422265e-01 4.101293967221906756e-01
3.791965008092154088e-01 4.515099831847076972e-01
3.787023192507187330e-01 2.958864776871041324e-01
1.803938702929302751e-01 5.747805782863826818e-02
2.188623830602492715e-01 5.198860347209013216e-02
1.866165447312086445e-01 3.300638475597290206e-02
2.164258653824259193e-01 6.045853976158509224e-02
1.780077022036861134e-01 3.883349428210883247e-02
2.192156992025811046e-01 6.432246517950164499e-02
2.193672309937946263e-01 8.882537126917616765e-02
1.749722707332989069e-01 4.560720455110910641e-03
3.610604993159408638e-01 3.329496421900330350e-01
2.865553544387902662e-01 1.063802016388883803e-01
3.192871943029377824e-01 3.076543550255499970e-01
3.845878816960147106e-01 4.013284403176177739e-01
3.143265111985552585e-01 1.670836745297086257e-01
3.846770095476062523e-01 4.068512719126215482e-01
2.294479484714165574e-01 5.044075717439695621e-03
3.925224158419197695e-01 4.294857462465916931e-01
3.353132582099971337e-01 1.111840401971531667e-01
2.149417297548210370e-01 5.536778474387611670e-02
3.241645277372440237e-01 3.271561127320120610e-01
3.672473365115106470e-01 3.625904598372002297e-01
2.378901789497814556e-01 6.276986471159978764e-02
1.215436694863701594e-01 5.374996489202562948e-03
3.994656246462257587e-01 4.207392376290282621e-01
2.148240568938987738e-01 7.890900943593545658e-02
3.758100303891902527e-01 4.218647097217465558e-01
1.910608276957692087e-01 4.093991733719914983e-02
1.403131598144936043e-01 1.272253897105570311e-02
3.947871584952236113e-01 4.008107989267523652e-01
1.728521818818157252e-01 1.278819182279414268e-02
2.187801633447380434e-01 9.573284710524002095e-02
1.573324770787620785e-01 -9.266618838850472495e-03
1.929034591782343711e-01 -4.871843369653088354e-04
3.887241335056125235e-01 4.481725525813148314e-01
3.517144306228773276e-01 2.762538311214509101e-01
4.010216683297576634e-01 3.891648710363876384e-01
2.076517315637552430e-01 7.416554632262925550e-02
3.985112666213086463e-01 4.582629540152099445e-01
2.001132093208984886e-01 6.731526315986545439e-02
4.317413943880133997e-01 4.336637947858434372e-01
2.509778263007432786e-01 1.323131691072612914e-01
2.520172231214238834e-01 1.466127795694930902e-01
3.750966383607056143e-01 4.460064686965583003e-01
2.259403504754793068e-01 7.026574181557512788e-02
1.477983431231561784e-01 4.426108197756990076e-02
1.502328987041018915e-01 1.087294337939887293e-02
3.831423422558992709e-01 4.174903121246610338e-01
1.767916653562171536e-01 1.679172958907765648e-02
4.042322527215946870e-01 4.438206372373811326e-01
3.669237622043353686e-01 2.634064067971887968e-01
3.675110720763276051e-01 4.545451668806546608e-01
3.787989007591314183e-01 3.659785119626982053e-01
2.390616230310921020e-01 1.128718716868732930e-01
4.401295751486627439e-01 3.675612645233319875e-01
3.687692109041312283e-01 3.725537622232002466e-01
3.831673089152434764e-01 3.836476090019323437e-01
1.897253387397877245e-01 7.192193569365148975e-02
2.556348524592617077e-01 9.740878777419917367e-02
4.117979075420075130e-01 4.035842385699817680e-01
3.826992055445933572e-01 4.154484333227069226e-01
3.039923391186056256e-01 1.718989157931107570e-01
3.832401932940399103e-01 4.431399767268248691e-01
2.068555366037115872e-01 7.242460250581232717e-02
1.992257624619964418e-01 4.733928212702349751e-03
2.002773342658586420e-01 5.122269182627295359e-02
3.314372480312173797e-01 3.932153614524378504e-01
3.300737475295887347e-01 2.449540520852275249e-01
3.840569691921453255e-01 3.789104492087455589e-01
3.606420846292841542e-01 3.836464242181399364e-01
2.843178296945497729e-01 1.133655080010952110e-01
1.678005271989752023e-01 2.425022544865832255e-02
3.736091664286424474e-01 3.998274717714488946e-01
3.878793662250922258e-01 3.897648023545737805e-01
3.665287262457873618e-01 2.825574465562692428e-01
3.806963062472298875e-01 4.585825627283096617e-01
4.103391587057008127e-01 3.887782208446653454e-01
2.601519136150139966e-01 1.255821332661311851e-01
3.667276636545694357e-01 4.486935116714545480e-01
3.729145382360158356e-01 4.438839833846077165e-01
2.136921189015733580e-01 3.724310752997196661e-02
3.798981498731855977e-01 3.968468906214724923e-01
1.649457672845490719e-01 3.789403788928945305e-02
2.090188530806985634e-01 5.330911333437471367e-02
3.969779241887430032e-01 4.294640987886222949e-01
2.863996187994954923e-01 2.059842341206978289e-01
2.276276699566235628e-01 7.013247885521045610e-02
4.064434975216013601e-01 4.566730714992728868e-01
1.867131468395775706e-01 1.659285357376023146e-02
3.237341670684067418e-01 3.060785152799587183e-01
3.415921994902435532e-01 3.516776497078122898e-01
3.653526952853302645e-01 3.098668415352938132e-01
3.803192094310008375e-01 4.343962245728165694e-01
2.649550794075924420e-01 1.513857342281592078e-01
2.199812662451644529e-01 9.057934467470865614e-02
2.156985371698550424e-01 9.742283192186738938e-02
3.215369204235192235e-01 2.492886030937790376e-01
1.431848866214883442e-01 -3.252682427232393009e-02
3.660902696353576236e-01 4.251852164001884149e-01
4.031818573486312118e-01 4.563745326836416427e-01
3.932106925017887500e-01 4.361577125763114737e-01
4.021110174858437691e-01 4.658498476229492313e-01
3.306110879851437145e-01 3.686108312400350751e-01
3.119707646744864782e-01 2.008661720742959678e-01
3.887416237123035856e-01 4.805978107486785222e-01
4.000424243411058178e-01 3.721015306961208413e-01
3.887331706661431019e-01 3.924353764052063709e-01
3.862161674908178854e-01 4.132211070683398657e-01
4.201180784313908179e-01 3.231611447164993156e-01
3.583046117820461451e-01 2.353633779506515700e-01
2.269843246898611833e-01 8.466105410334952286e-02
3.444399863996421285e-01 3.753776296544769631e-01
2.265811072420333139e-01 3.367542316113568412e-02
2.129951167064431661e-01 9.565700587732388349e-02
1.921251993828861360e-01 5.876326816919415219e-02
1.946233464157436366e-01 6.229502852323522133e-02
3.787211372504063478e-01 4.311199462674172866e-01
3.800889236550318850e-01 4.594319937601593629e-01
3.700671632638911079e-01 3.876881854457456256e-01
3.876050113206827574e-01 4.416765924868917281e-01
3.719065266732869413e-01 4.304924378144179831e-01
3.149436055747971697e-01 1.674406500773932549e-01
2.742570681170878322e-01 1.322271084599468960e-02
1.695042798795339534e-01 1.894938985123061082e-02
1.684841022949921108e-01 1.775411039388409551e-02
3.913907553110476667e-01 4.630316832349678502e-01
3.620236885822968320e-01 3.838498029530778566e-01
1.893378956834960714e-01 7.828224709604277021e-02
3.869696164179231013e-01 3.380074560718085430e-01
2.079646035356043365e-01 8.348845709317721797e-02
2.548152910386082270e-01 1.088865425712507162e-01
1.926569719229148658e-01 3.569158648012182855e-02
2.044613080496948121e-01 7.280797691088869428e-02
3.173984561179143404e-01 2.056935628895029677e-01
3.605652807245256497e-01 3.816976726830078048e-01
2.054845963973647438e-01 5.540511781197196561e-02
3.394225800943266314e-01 3.724561814388550052e-01
4.049003091280648503e-01 2.943789144203758368e-01
2.439196547735068554e-01 8.672097419730548373e-02
3.647114898370329428e-01 1.991473201287002615e-01
2.019934523895590139e-01 5.520887453998317429e-02
3.862196191563084247e-01 4.533156723482208439e-01
1.835739502192837436e-01 2.826180051336956572e-02
2.678877435931826256e-01 1.433640558129664622e-01
2.290252895185220516e-01 9.412216625056288311e-02
1.752853101323640361e-01 2.411491673862916837e-02
3.681453816864668771e-01 4.314818720600572255e-01
2.289657246283871017e-01 7.421924911605318198e-02
2.252021917558374442e-01 9.197043069210381061e-02
2.408260069323591157e-01 6.022829674890854690e-02
3.821463645863711900e-01 3.178475971326255034e-01
3.548629935454140627e-01 2.357057589480686666e-01
4.056481536753512307e-01 4.648957530771686275e-01
1.425990205200036165e-01 -5.919458186467634574e-03
3.630731452909223833e-01 4.383792940357834067e-01
3.883072977535503290e-01 4.473921430611801364e-01
2.162779758401320862e-01 3.245262202281243291e-02
3.553342619763263932e-01 2.806817657589028570e-01
3.944387590194770032e-01 4.476528499215765566e-01
4.063791759306226714e-01 4.235285091608162467e-01
1.921927882037669510e-01 1.725976959956336890e-02
1.892673288946561672e-01 7.113840375558373730e-02
2.227863551141610332e-01 7.983364146952694196e-02
3.183569975346437486e-01 2.271061586757370798e-01
4.256824047005837719e-01 4.411333880659512041e-01
2.426788917369194498e-01 1.329145449759800146e-01
3.346830100810563313e-01 2.236315339391643509e-01
3.447085644922108782e-01 3.473502626656457259e-01
1.429456233398126441e-01 -1.825666666688247064e-02
3.764312344788055542e-01 4.103824316737612610e-01
2.199574530797979710e-01 5.536188468713403726e-02
3.973739859186454781e-01 4.099646656692745306e-01
3.803546788035384596e-01 4.841421793629358539e-01
1.849643976151359448e-01 4.547812255534005449e-02
3.657292626601679753e-01 3.309061878579556137e-01
3.953278621625606060e-01 4.711255526116805981e-01
3.886023942994568658e-01 4.388856563676282740e-01
2.080502200183825812e-01 4.818305126512670289e-02
1.743360144850591431e-01 3.146079799542974426e-02
3.962008144640751794e-01 3.949903176641580971e-01
2.263358031255830460e-01 1.105840733936010178e-01
4.169030913976564667e-01 3.962621198914080822e-01
2.392266080759902491e-01 8.569076201128666970e-02
2.117111505428529994e-01 4.062203520084272518e-02
1.707459391902035328e-01 5.784823507969608092e-02
1.733389868676832868e-01 4.569543563109202539e-02
3.284282354571690377e-01 2.424301956860698548e-01
2.006191028855774661e-01 2.950358215148004420e-02
1.662175394218025071e-01 -8.649610677445490614e-03
3.741368093307276821e-01 3.808895241154969802e-01
2.523226995524340266e-01 1.178560108936069634e-01
3.148103769929109785e-01 2.366542019751372572e-01
2.468039368070927830e-01 1.043796805228271452e-01
2.314092586363320492e-01 7.969000686811375522e-02
3.854575666433366909e-01 3.963522367664123469e-01
2.340463368064271965e-01 1.034545554835892278e-01
1.663024681682153116e-01 5.522223718469730473e-03
4.103359051817609404e-01 3.861939989424849062e-01
2.007244949295313163e-01 7.111749088951281605e-02
1.576469725403764066e-01 2.633413872421667273e-02
1.603426743494485995e-01 2.876589761776898735e-02
2.877615915947917546e-01 2.568766122957480413e-01
1.773486301657024589e-01 2.915538749459869322e-02
4.056966000274953577e-01 4.525191450090498280e-01
3.576999375693867278e-01 4.005663956634620271e-01
2.048754774072569784e-01 5.125766201324620519e-02
4.167686001404403706e-01 4.444390517276141650e-01
3.973316201034581829e-01 4.774668978042732603e-01
4.253896265074472716e-01 3.246894132064249705e-01
3.441068718568534024e-01 3.078185558689296442e-01
3.530876655351393167e-01 3.064380294673241800e-01
3.489704194903178180e-01 2.927399408722458074e-01
3.882053692994092975e-01 4.433658537771404951e-01
3.896212056946412039e-01 4.185428515935439298e-01
2.267108471752743437e-01 1.613717686280047858e-01
4.046780967798289663e-01 3.265111001908204136e-01
3.521652553594668555e-01 2.370211128730480010e-01
3.756732780133235083e-01 3.917829460909157402e-01
4.171625372035855928e-01 4.323232050732528919e-01
1.887676221040863744e-01 3.802134510594139261e-02
3.910447816675592381e-01 4.167278714648192106e-01
3.711586440355646999e-01 2.843565845404475989e-01
2.407586432924423425e-01 8.604759244807706764e-02
4.000931381079121385e-01 4.161904834922511287e-01
3.779917502203832269e-01 4.198064062288233145e-01
2.311641444025301917e-01 1.158187353667536335e-01
3.824719393384937716e-01 3.864798646093735024e-01
3.853031474684708857e-01 3.757957192374183908e-01
1.642411422443702529e-01 3.796760061800447117e-02
3.818647804947719049e-01 3.765389121748121126e-01
2.074294416227684401e-01 4.762579025643832314e-02
3.890053281729790036e-01 4.650669450015386119e-01
3.674586448970499353e-01 4.217636840894181671e-01
3.819390818870845861e-01 4.337684380287906705e-01
4.237299188505341263e-01 4.203497866097237190e-01
1.991970667633721770e-01 2.503663435612233160e-02
2.423020113741656267e-01 1.045997221894179458e-01
2.047658777139507724e-01 8.158190766164576113e-02
2.742510016671011464e-01 2.367869661794781422e-01
3.869908484871532051e-01 4.354148636993683263e-01
3.977612545332300242e-01 4.308515761843050851e-01
1.885418427254351714e-01 2.526970861824597014e-02
4.039957766470422262e-01 4.210324515858451799e-01
3.308461231386040646e-01 2.318469352382923343e-01
4.123230797825057081e-01 4.548127083766840273e-01
1.731458796563893066e-01 2.077127242632030232e-02
3.940983072628401751e-01 4.606378470599779562e-01
2.096298817118538160e-01 4.891605024376347033e-02
4.151491362400419050e-01 3.014658345618809188e-01
3.818762033439824233e-01 3.822304750980650700e-01
3.846995657148065684e-01 4.378244593043487121e-01
3.409750707290386540e-01 2.667305768378658848e-01
3.962550081726355367e-01 4.305546420786892092e-01
4.003812540189673475e-01 4.338058657200046242e-01
2.211592774308447362e-01 1.046011877871912410e-01
2.642104195795447752e-01 1.136954832337437188e-01
3.578536487654263576e-01 1.904146033922250736e-01
3.774210792137662196e-01 3.838344301461324437e-01
4.069806120737564092e-01 4.387190644120843586e-01
1.924071622404614212e-01 4.164333258556002226e-02
3.204576211516777517e-01 2.388604346219731778e-01
3.604878291487891295e-01 4.280448545406257410e-01
3.690124350949072207e-01 2.552969189677731232e-01
2.437750746163515059e-01 1.518435697201445111e-01
3.002534139373467248e-01 1.573566187429349672e-01
2.110137055509637705e-01 1.798127550552325662e-02
2.574497572939448697e-01 1.412806376689496046e-01
4.117680524781461848e-01 4.563713066841791899e-01
2.389940303626633122e-01 9.121913144447074684e-02
3.963811844725280698e-01 3.533737824590112431e-01
1.666041481709423233e-01 -1.353895227199957557e-02
2.164380725639119540e-01 4.526392663222592039e-02
3.062073718213873530e-01 1.720497347648642095e-01
2.066915423727314627e-01 5.351211696577046900e-02
4.137323126841485066e-01 3.981446874498454358e-01
3.644974846909419530e-01 4.289991143455784695e-01
2.307331874106304248e-01 1.153018975477042574e-01
